BWT-without-D 50 0.050000 1 0.000296
BWT-with-D 50 0.050000 1 0.000026
ST 50 0.050000 1 0.000127
BWT-without-D 50 0.050000 1 0.000319
BWT-with-D 50 0.050000 1 0.000026
ST 50 0.050000 1 0.000121
BWT-without-D 50 0.050000 1 0.000233
BWT-with-D 50 0.050000 1 0.000025
ST 50 0.050000 1 0.000122
BWT-without-D 50 0.050000 1 0.000239
BWT-with-D 50 0.050000 1 0.000024
ST 50 0.050000 1 0.000118
BWT-without-D 50 0.050000 1 0.000231
BWT-with-D 50 0.050000 1 0.000024
ST 50 0.050000 1 0.000121
BWT-without-D 50 0.100000 1 0.000226
BWT-with-D 50 0.100000 1 0.000024
ST 50 0.100000 1 0.000176
BWT-without-D 50 0.100000 1 0.000345
BWT-with-D 50 0.100000 1 0.000052
ST 50 0.100000 1 0.000250
BWT-without-D 50 0.100000 1 0.000390
BWT-with-D 50 0.100000 1 0.000055
ST 50 0.100000 1 0.000254
BWT-without-D 50 0.100000 1 0.000408
BWT-with-D 50 0.100000 1 0.000045
ST 50 0.100000 1 0.000237
BWT-without-D 50 0.100000 1 0.000399
BWT-with-D 50 0.100000 1 0.000069
ST 50 0.100000 1 0.000264
BWT-without-D 50 0.150000 1 0.000462
BWT-with-D 50 0.150000 1 0.000059
ST 50 0.150000 1 0.000308
BWT-without-D 50 0.150000 1 0.000414
BWT-with-D 50 0.150000 1 0.000077
ST 50 0.150000 1 0.000184
BWT-without-D 50 0.150000 1 0.000457
BWT-with-D 50 0.150000 1 0.000059
ST 50 0.150000 1 0.000184
BWT-without-D 50 0.150000 1 0.000241
BWT-with-D 50 0.150000 1 0.000031
ST 50 0.150000 1 0.000199
BWT-without-D 50 0.150000 1 0.000245
BWT-with-D 50 0.150000 1 0.000031
ST 50 0.150000 1 0.000155
BWT-without-D 50 0.200000 1 0.000244
BWT-with-D 50 0.200000 1 0.000029
ST 50 0.200000 1 0.000149
BWT-without-D 50 0.200000 1 0.000243
BWT-with-D 50 0.200000 1 0.000028
ST 50 0.200000 1 0.000141
BWT-without-D 50 0.200000 1 0.000243
BWT-with-D 50 0.200000 1 0.000028
ST 50 0.200000 1 0.000150
BWT-without-D 50 0.200000 1 0.000229
BWT-with-D 50 0.200000 1 0.000026
ST 50 0.200000 1 0.000137
BWT-without-D 50 0.200000 1 0.000235
BWT-with-D 50 0.200000 1 0.000029
ST 50 0.200000 1 0.000132
BWT-without-D 50 0.250000 1 0.000238
BWT-with-D 50 0.250000 1 0.000030
ST 50 0.250000 1 0.000136
BWT-without-D 50 0.250000 1 0.000234
BWT-with-D 50 0.250000 1 0.000027
ST 50 0.250000 1 0.000143
BWT-without-D 50 0.250000 1 0.000233
BWT-with-D 50 0.250000 1 0.000026
ST 50 0.250000 1 0.000143
BWT-without-D 50 0.250000 1 0.000238
BWT-with-D 50 0.250000 1 0.000027
ST 50 0.250000 1 0.000153
BWT-without-D 50 0.250000 1 0.000271
BWT-with-D 50 0.250000 1 0.000027
ST 50 0.250000 1 0.000143
BWT-without-D 50 0.300000 1 0.000250
BWT-with-D 50 0.300000 1 0.000028
ST 50 0.300000 1 0.000136
BWT-without-D 50 0.300000 1 0.000249
BWT-with-D 50 0.300000 1 0.000027
ST 50 0.300000 1 0.000144
BWT-without-D 50 0.300000 1 0.000253
BWT-with-D 50 0.300000 1 0.000028
ST 50 0.300000 1 0.000138
BWT-without-D 50 0.300000 1 0.000234
BWT-with-D 50 0.300000 1 0.000026
ST 50 0.300000 1 0.000129
BWT-without-D 50 0.300000 1 0.000233
BWT-with-D 50 0.300000 1 0.000026
ST 50 0.300000 1 0.000136
BWT-without-D 50 0.350000 1 0.000231
BWT-with-D 50 0.350000 1 0.000025
ST 50 0.350000 1 0.000129
BWT-without-D 50 0.350000 1 0.000239
BWT-with-D 50 0.350000 1 0.000025
ST 50 0.350000 1 0.000155
BWT-without-D 50 0.350000 1 0.000235
BWT-with-D 50 0.350000 1 0.000026
ST 50 0.350000 1 0.000128
BWT-without-D 50 0.350000 1 0.000233
BWT-with-D 50 0.350000 1 0.000025
ST 50 0.350000 1 0.000130
BWT-without-D 50 0.350000 1 0.000288
BWT-with-D 50 0.350000 1 0.000026
ST 50 0.350000 1 0.000134
BWT-without-D 50 0.400000 1 0.000236
BWT-with-D 50 0.400000 1 0.000026
ST 50 0.400000 1 0.000127
BWT-without-D 50 0.400000 1 0.000236
BWT-with-D 50 0.400000 1 0.000024
ST 50 0.400000 1 0.000128
BWT-without-D 50 0.400000 1 0.000230
BWT-with-D 50 0.400000 1 0.000026
ST 50 0.400000 1 0.000133
BWT-without-D 50 0.400000 1 0.000240
BWT-with-D 50 0.400000 1 0.000025
ST 50 0.400000 1 0.000132
BWT-without-D 50 0.400000 1 0.000235
BWT-with-D 50 0.400000 1 0.000024
ST 50 0.400000 1 0.000123
BWT-without-D 50 0.450000 1 0.000230
BWT-with-D 50 0.450000 1 0.000025
ST 50 0.450000 1 0.000125
BWT-without-D 50 0.450000 1 0.000232
BWT-with-D 50 0.450000 1 0.000026
ST 50 0.450000 1 0.000125
BWT-without-D 50 0.450000 1 0.000241
BWT-with-D 50 0.450000 1 0.000025
ST 50 0.450000 1 0.000129
BWT-without-D 50 0.450000 1 0.000233
BWT-with-D 50 0.450000 1 0.000025
ST 50 0.450000 1 0.000127
BWT-without-D 50 0.450000 1 0.000234
BWT-with-D 50 0.450000 1 0.000025
ST 50 0.450000 1 0.000126
BWT-without-D 50 0.050000 2 0.003735
BWT-with-D 50 0.050000 2 0.000025
ST 50 0.050000 2 0.001381
BWT-without-D 50 0.050000 2 0.003510
BWT-with-D 50 0.050000 2 0.000028
ST 50 0.050000 2 0.001472
BWT-without-D 50 0.050000 2 0.003993
BWT-with-D 50 0.050000 2 0.000032
ST 50 0.050000 2 0.001346
BWT-without-D 50 0.050000 2 0.003534
BWT-with-D 50 0.050000 2 0.000053
ST 50 0.050000 2 0.001441
BWT-without-D 50 0.050000 2 0.003530
BWT-with-D 50 0.050000 2 0.000038
ST 50 0.050000 2 0.001470
BWT-without-D 50 0.100000 2 0.003724
BWT-with-D 50 0.100000 2 0.000035
ST 50 0.100000 2 0.001416
BWT-without-D 50 0.100000 2 0.003898
BWT-with-D 50 0.100000 2 0.000043
ST 50 0.100000 2 0.002028
BWT-without-D 50 0.100000 2 0.004305
BWT-with-D 50 0.100000 2 0.000049
ST 50 0.100000 2 0.001662
BWT-without-D 50 0.100000 2 0.003689
BWT-with-D 50 0.100000 2 0.000043
ST 50 0.100000 2 0.001670
BWT-without-D 50 0.100000 2 0.003512
BWT-with-D 50 0.100000 2 0.000038
ST 50 0.100000 2 0.001443
BWT-without-D 50 0.150000 2 0.003821
BWT-with-D 50 0.150000 2 0.000037
ST 50 0.150000 2 0.001638
BWT-without-D 50 0.150000 2 0.003751
BWT-with-D 50 0.150000 2 0.000046
ST 50 0.150000 2 0.001792
BWT-without-D 50 0.150000 2 0.003446
BWT-with-D 50 0.150000 2 0.000043
ST 50 0.150000 2 0.002010
BWT-without-D 50 0.150000 2 0.003850
BWT-with-D 50 0.150000 2 0.000047
ST 50 0.150000 2 0.001988
BWT-without-D 50 0.150000 2 0.003502
BWT-with-D 50 0.150000 2 0.000044
ST 50 0.150000 2 0.002079
BWT-without-D 50 0.200000 2 0.003746
BWT-with-D 50 0.200000 2 0.000044
ST 50 0.200000 2 0.001834
BWT-without-D 50 0.200000 2 0.003477
BWT-with-D 50 0.200000 2 0.000040
ST 50 0.200000 2 0.001716
BWT-without-D 50 0.200000 2 0.003731
BWT-with-D 50 0.200000 2 0.000037
ST 50 0.200000 2 0.001391
BWT-without-D 50 0.200000 2 0.003444
BWT-with-D 50 0.200000 2 0.000064
ST 50 0.200000 2 0.001561
BWT-without-D 50 0.200000 2 0.003532
BWT-with-D 50 0.200000 2 0.000039
ST 50 0.200000 2 0.001396
BWT-without-D 50 0.250000 2 0.003504
BWT-with-D 50 0.250000 2 0.000033
ST 50 0.250000 2 0.001387
BWT-without-D 50 0.250000 2 0.003367
BWT-with-D 50 0.250000 2 0.000034
ST 50 0.250000 2 0.001434
BWT-without-D 50 0.250000 2 0.003466
BWT-with-D 50 0.250000 2 0.000032
ST 50 0.250000 2 0.001348
BWT-without-D 50 0.250000 2 0.003552
BWT-with-D 50 0.250000 2 0.000029
ST 50 0.250000 2 0.001357
BWT-without-D 50 0.250000 2 0.003465
BWT-with-D 50 0.250000 2 0.000031
ST 50 0.250000 2 0.001692
BWT-without-D 50 0.300000 2 0.003525
BWT-with-D 50 0.300000 2 0.000035
ST 50 0.300000 2 0.001468
BWT-without-D 50 0.300000 2 0.003875
BWT-with-D 50 0.300000 2 0.000050
ST 50 0.300000 2 0.001697
BWT-without-D 50 0.300000 2 0.003871
BWT-with-D 50 0.300000 2 0.000041
ST 50 0.300000 2 0.001644
BWT-without-D 50 0.300000 2 0.004007
BWT-with-D 50 0.300000 2 0.000043
ST 50 0.300000 2 0.001611
BWT-without-D 50 0.300000 2 0.003710
BWT-with-D 50 0.300000 2 0.000044
ST 50 0.300000 2 0.001493
BWT-without-D 50 0.350000 2 0.003470
BWT-with-D 50 0.350000 2 0.000039
ST 50 0.350000 2 0.001377
BWT-without-D 50 0.350000 2 0.003469
BWT-with-D 50 0.350000 2 0.000035
ST 50 0.350000 2 0.001384
BWT-without-D 50 0.350000 2 0.003450
BWT-with-D 50 0.350000 2 0.000032
ST 50 0.350000 2 0.001335
BWT-without-D 50 0.350000 2 0.003648
BWT-with-D 50 0.350000 2 0.000031
ST 50 0.350000 2 0.001336
BWT-without-D 50 0.350000 2 0.003457
BWT-with-D 50 0.350000 2 0.000030
ST 50 0.350000 2 0.001326
BWT-without-D 50 0.400000 2 0.003445
BWT-with-D 50 0.400000 2 0.000029
ST 50 0.400000 2 0.001353
BWT-without-D 50 0.400000 2 0.003603
BWT-with-D 50 0.400000 2 0.000032
ST 50 0.400000 2 0.001349
BWT-without-D 50 0.400000 2 0.003433
BWT-with-D 50 0.400000 2 0.000028
ST 50 0.400000 2 0.001307
BWT-without-D 50 0.400000 2 0.003532
BWT-with-D 50 0.400000 2 0.000028
ST 50 0.400000 2 0.001328
BWT-without-D 50 0.400000 2 0.003308
BWT-with-D 50 0.400000 2 0.000026
ST 50 0.400000 2 0.001312
BWT-without-D 50 0.450000 2 0.003643
BWT-with-D 50 0.450000 2 0.000051
ST 50 0.450000 2 0.002601
BWT-without-D 50 0.450000 2 0.003492
BWT-with-D 50 0.450000 2 0.000036
ST 50 0.450000 2 0.001440
BWT-without-D 50 0.450000 2 0.003649
BWT-with-D 50 0.450000 2 0.000041
ST 50 0.450000 2 0.001364
BWT-without-D 50 0.450000 2 0.003538
BWT-with-D 50 0.450000 2 0.000033
ST 50 0.450000 2 0.001519
BWT-without-D 50 0.450000 2 0.003575
BWT-with-D 50 0.450000 2 0.000034
ST 50 0.450000 2 0.001410
BWT-without-D 50 0.050000 3 0.040228
BWT-with-D 50 0.050000 3 0.000062
ST 50 0.050000 3 0.012835
BWT-without-D 50 0.050000 3 0.040020
BWT-with-D 50 0.050000 3 0.000045
ST 50 0.050000 3 0.014161
BWT-without-D 50 0.050000 3 0.039218
BWT-with-D 50 0.050000 3 0.000046
ST 50 0.050000 3 0.013403
BWT-without-D 50 0.050000 3 0.041161
BWT-with-D 50 0.050000 3 0.000044
ST 50 0.050000 3 0.013649
BWT-without-D 50 0.050000 3 0.039516
BWT-with-D 50 0.050000 3 0.000044
ST 50 0.050000 3 0.012635
BWT-without-D 50 0.100000 3 0.040772
BWT-with-D 50 0.100000 3 0.000046
ST 50 0.100000 3 0.013625
BWT-without-D 50 0.100000 3 0.039775
BWT-with-D 50 0.100000 3 0.000043
ST 50 0.100000 3 0.012296
BWT-without-D 50 0.100000 3 0.039687
BWT-with-D 50 0.100000 3 0.000042
ST 50 0.100000 3 0.012613
BWT-without-D 50 0.100000 3 0.039256
BWT-with-D 50 0.100000 3 0.000042
ST 50 0.100000 3 0.012493
BWT-without-D 50 0.100000 3 0.040287
BWT-with-D 50 0.100000 3 0.000047
ST 50 0.100000 3 0.013020
BWT-without-D 50 0.150000 3 0.042269
BWT-with-D 50 0.150000 3 0.000045
ST 50 0.150000 3 0.012684
BWT-without-D 50 0.150000 3 0.039411
BWT-with-D 50 0.150000 3 0.000041
ST 50 0.150000 3 0.012511
BWT-without-D 50 0.150000 3 0.039252
BWT-with-D 50 0.150000 3 0.000043
ST 50 0.150000 3 0.012819
BWT-without-D 50 0.150000 3 0.039288
BWT-with-D 50 0.150000 3 0.000044
ST 50 0.150000 3 0.012791
BWT-without-D 50 0.150000 3 0.039297
BWT-with-D 50 0.150000 3 0.000041
ST 50 0.150000 3 0.012626
BWT-without-D 50 0.200000 3 0.039361
BWT-with-D 50 0.200000 3 0.000043
ST 50 0.200000 3 0.012495
BWT-without-D 50 0.200000 3 0.039050
BWT-with-D 50 0.200000 3 0.000040
ST 50 0.200000 3 0.012455
BWT-without-D 50 0.200000 3 0.039587
BWT-with-D 50 0.200000 3 0.000037
ST 50 0.200000 3 0.012531
BWT-without-D 50 0.200000 3 0.040136
BWT-with-D 50 0.200000 3 0.000042
ST 50 0.200000 3 0.012271
BWT-without-D 50 0.200000 3 0.038902
BWT-with-D 50 0.200000 3 0.000040
ST 50 0.200000 3 0.012451
BWT-without-D 50 0.250000 3 0.039106
BWT-with-D 50 0.250000 3 0.000041
ST 50 0.250000 3 0.012152
BWT-without-D 50 0.250000 3 0.038601
BWT-with-D 50 0.250000 3 0.000040
ST 50 0.250000 3 0.012350
BWT-without-D 50 0.250000 3 0.038902
BWT-with-D 50 0.250000 3 0.000062
ST 50 0.250000 3 0.012376
BWT-without-D 50 0.250000 3 0.038443
BWT-with-D 50 0.250000 3 0.000041
ST 50 0.250000 3 0.012329
BWT-without-D 50 0.250000 3 0.038741
BWT-with-D 50 0.250000 3 0.000035
ST 50 0.250000 3 0.012211
BWT-without-D 50 0.300000 3 0.038810
BWT-with-D 50 0.300000 3 0.000036
ST 50 0.300000 3 0.012577
BWT-without-D 50 0.300000 3 0.039298
BWT-with-D 50 0.300000 3 0.000043
ST 50 0.300000 3 0.013637
BWT-without-D 50 0.300000 3 0.040109
BWT-with-D 50 0.300000 3 0.000044
ST 50 0.300000 3 0.012696
BWT-without-D 50 0.300000 3 0.039282
BWT-with-D 50 0.300000 3 0.000045
ST 50 0.300000 3 0.012747
BWT-without-D 50 0.300000 3 0.038895
BWT-with-D 50 0.300000 3 0.000041
ST 50 0.300000 3 0.012064
BWT-without-D 50 0.350000 3 0.039350
BWT-with-D 50 0.350000 3 0.000040
ST 50 0.350000 3 0.012514
BWT-without-D 50 0.350000 3 0.043657
BWT-with-D 50 0.350000 3 0.000045
ST 50 0.350000 3 0.013291
BWT-without-D 50 0.350000 3 0.039191
BWT-with-D 50 0.350000 3 0.000045
ST 50 0.350000 3 0.012865
BWT-without-D 50 0.350000 3 0.039354
BWT-with-D 50 0.350000 3 0.000052
ST 50 0.350000 3 0.012679
BWT-without-D 50 0.350000 3 0.038959
BWT-with-D 50 0.350000 3 0.000041
ST 50 0.350000 3 0.012354
BWT-without-D 50 0.400000 3 0.038173
BWT-with-D 50 0.400000 3 0.000042
ST 50 0.400000 3 0.012110
BWT-without-D 50 0.400000 3 0.039144
BWT-with-D 50 0.400000 3 0.000040
ST 50 0.400000 3 0.012284
BWT-without-D 50 0.400000 3 0.039691
BWT-with-D 50 0.400000 3 0.000038
ST 50 0.400000 3 0.012009
BWT-without-D 50 0.400000 3 0.038066
BWT-with-D 50 0.400000 3 0.000038
ST 50 0.400000 3 0.012423
BWT-without-D 50 0.400000 3 0.039942
BWT-with-D 50 0.400000 3 0.000038
ST 50 0.400000 3 0.012028
BWT-without-D 50 0.450000 3 0.039211
BWT-with-D 50 0.450000 3 0.000041
ST 50 0.450000 3 0.012591
BWT-without-D 50 0.450000 3 0.038444
BWT-with-D 50 0.450000 3 0.000036
ST 50 0.450000 3 0.012304
BWT-without-D 50 0.450000 3 0.038357
BWT-with-D 50 0.450000 3 0.000036
ST 50 0.450000 3 0.011943
BWT-without-D 50 0.450000 3 0.039156
BWT-with-D 50 0.450000 3 0.000035
ST 50 0.450000 3 0.012135
BWT-without-D 50 0.450000 3 0.039424
BWT-with-D 50 0.450000 3 0.000035
ST 50 0.450000 3 0.012201
BWT-without-D 100 0.050000 1 0.000240
BWT-with-D 100 0.050000 1 0.000056
ST 100 0.050000 1 0.000131
BWT-without-D 100 0.050000 1 0.000241
BWT-with-D 100 0.050000 1 0.000049
ST 100 0.050000 1 0.000128
BWT-without-D 100 0.050000 1 0.000237
BWT-with-D 100 0.050000 1 0.000044
ST 100 0.050000 1 0.000129
BWT-without-D 100 0.050000 1 0.000244
BWT-with-D 100 0.050000 1 0.000044
ST 100 0.050000 1 0.000128
BWT-without-D 100 0.050000 1 0.000243
BWT-with-D 100 0.050000 1 0.000042
ST 100 0.050000 1 0.000130
BWT-without-D 100 0.100000 1 0.000236
BWT-with-D 100 0.100000 1 0.000041
ST 100 0.100000 1 0.000130
BWT-without-D 100 0.100000 1 0.000243
BWT-with-D 100 0.100000 1 0.000040
ST 100 0.100000 1 0.000131
BWT-without-D 100 0.100000 1 0.000240
BWT-with-D 100 0.100000 1 0.000040
ST 100 0.100000 1 0.000126
BWT-without-D 100 0.100000 1 0.000240
BWT-with-D 100 0.100000 1 0.000040
ST 100 0.100000 1 0.000125
BWT-without-D 100 0.100000 1 0.000237
BWT-with-D 100 0.100000 1 0.000039
ST 100 0.100000 1 0.000126
BWT-without-D 100 0.150000 1 0.000234
BWT-with-D 100 0.150000 1 0.000038
ST 100 0.150000 1 0.000129
BWT-without-D 100 0.150000 1 0.000232
BWT-with-D 100 0.150000 1 0.000039
ST 100 0.150000 1 0.000124
BWT-without-D 100 0.150000 1 0.000243
BWT-with-D 100 0.150000 1 0.000038
ST 100 0.150000 1 0.000125
BWT-without-D 100 0.150000 1 0.000238
BWT-with-D 100 0.150000 1 0.000038
ST 100 0.150000 1 0.000127
BWT-without-D 100 0.150000 1 0.000242
BWT-with-D 100 0.150000 1 0.000039
ST 100 0.150000 1 0.000127
BWT-without-D 100 0.200000 1 0.000261
BWT-with-D 100 0.200000 1 0.000038
ST 100 0.200000 1 0.000124
BWT-without-D 100 0.200000 1 0.000238
BWT-with-D 100 0.200000 1 0.000038
ST 100 0.200000 1 0.000128
BWT-without-D 100 0.200000 1 0.000237
BWT-with-D 100 0.200000 1 0.000037
ST 100 0.200000 1 0.000129
BWT-without-D 100 0.200000 1 0.000234
BWT-with-D 100 0.200000 1 0.000037
ST 100 0.200000 1 0.000129
BWT-without-D 100 0.200000 1 0.000242
BWT-with-D 100 0.200000 1 0.000037
ST 100 0.200000 1 0.000128
BWT-without-D 100 0.250000 1 0.000240
BWT-with-D 100 0.250000 1 0.000037
ST 100 0.250000 1 0.000125
BWT-without-D 100 0.250000 1 0.000269
BWT-with-D 100 0.250000 1 0.000042
ST 100 0.250000 1 0.000146
BWT-without-D 100 0.250000 1 0.000262
BWT-with-D 100 0.250000 1 0.000042
ST 100 0.250000 1 0.000138
BWT-without-D 100 0.250000 1 0.000259
BWT-with-D 100 0.250000 1 0.000040
ST 100 0.250000 1 0.000152
BWT-without-D 100 0.250000 1 0.000243
BWT-with-D 100 0.250000 1 0.000038
ST 100 0.250000 1 0.000129
BWT-without-D 100 0.300000 1 0.000232
BWT-with-D 100 0.300000 1 0.000037
ST 100 0.300000 1 0.000128
BWT-without-D 100 0.300000 1 0.000239
BWT-with-D 100 0.300000 1 0.000037
ST 100 0.300000 1 0.000132
BWT-without-D 100 0.300000 1 0.000245
BWT-with-D 100 0.300000 1 0.000037
ST 100 0.300000 1 0.000125
BWT-without-D 100 0.300000 1 0.000238
BWT-with-D 100 0.300000 1 0.000038
ST 100 0.300000 1 0.000128
BWT-without-D 100 0.300000 1 0.000244
BWT-with-D 100 0.300000 1 0.000037
ST 100 0.300000 1 0.000131
BWT-without-D 100 0.350000 1 0.000276
BWT-with-D 100 0.350000 1 0.000036
ST 100 0.350000 1 0.000124
BWT-without-D 100 0.350000 1 0.000236
BWT-with-D 100 0.350000 1 0.000037
ST 100 0.350000 1 0.000126
BWT-without-D 100 0.350000 1 0.000236
BWT-with-D 100 0.350000 1 0.000037
ST 100 0.350000 1 0.000128
BWT-without-D 100 0.350000 1 0.000241
BWT-with-D 100 0.350000 1 0.000037
ST 100 0.350000 1 0.000133
BWT-without-D 100 0.350000 1 0.000238
BWT-with-D 100 0.350000 1 0.000038
ST 100 0.350000 1 0.000130
BWT-without-D 100 0.400000 1 0.000240
BWT-with-D 100 0.400000 1 0.000036
ST 100 0.400000 1 0.000128
BWT-without-D 100 0.400000 1 0.000246
BWT-with-D 100 0.400000 1 0.000037
ST 100 0.400000 1 0.000130
BWT-without-D 100 0.400000 1 0.000240
BWT-with-D 100 0.400000 1 0.000037
ST 100 0.400000 1 0.000210
BWT-without-D 100 0.400000 1 0.000231
BWT-with-D 100 0.400000 1 0.000036
ST 100 0.400000 1 0.000129
BWT-without-D 100 0.400000 1 0.000239
BWT-with-D 100 0.400000 1 0.000037
ST 100 0.400000 1 0.000131
BWT-without-D 100 0.450000 1 0.000234
BWT-with-D 100 0.450000 1 0.000037
ST 100 0.450000 1 0.000124
BWT-without-D 100 0.450000 1 0.000245
BWT-with-D 100 0.450000 1 0.000037
ST 100 0.450000 1 0.000129
BWT-without-D 100 0.450000 1 0.000237
BWT-with-D 100 0.450000 1 0.000037
ST 100 0.450000 1 0.000129
BWT-without-D 100 0.450000 1 0.000236
BWT-with-D 100 0.450000 1 0.000036
ST 100 0.450000 1 0.000132
BWT-without-D 100 0.450000 1 0.000230
BWT-with-D 100 0.450000 1 0.000037
ST 100 0.450000 1 0.000130
BWT-without-D 100 0.050000 2 0.003493
BWT-with-D 100 0.050000 2 0.000037
ST 100 0.050000 2 0.001305
BWT-without-D 100 0.050000 2 0.003587
BWT-with-D 100 0.050000 2 0.000038
ST 100 0.050000 2 0.001344
BWT-without-D 100 0.050000 2 0.003482
BWT-with-D 100 0.050000 2 0.000037
ST 100 0.050000 2 0.001295
BWT-without-D 100 0.050000 2 0.003468
BWT-with-D 100 0.050000 2 0.000037
ST 100 0.050000 2 0.001349
BWT-without-D 100 0.050000 2 0.003437
BWT-with-D 100 0.050000 2 0.000037
ST 100 0.050000 2 0.001337
BWT-without-D 100 0.100000 2 0.003558
BWT-with-D 100 0.100000 2 0.000037
ST 100 0.100000 2 0.001321
BWT-without-D 100 0.100000 2 0.003367
BWT-with-D 100 0.100000 2 0.000037
ST 100 0.100000 2 0.001300
BWT-without-D 100 0.100000 2 0.003502
BWT-with-D 100 0.100000 2 0.000038
ST 100 0.100000 2 0.001312
BWT-without-D 100 0.100000 2 0.003490
BWT-with-D 100 0.100000 2 0.000038
ST 100 0.100000 2 0.001298
BWT-without-D 100 0.100000 2 0.003466
BWT-with-D 100 0.100000 2 0.000037
ST 100 0.100000 2 0.001318
BWT-without-D 100 0.150000 2 0.003449
BWT-with-D 100 0.150000 2 0.000038
ST 100 0.150000 2 0.001307
BWT-without-D 100 0.150000 2 0.003455
BWT-with-D 100 0.150000 2 0.000038
ST 100 0.150000 2 0.001468
BWT-without-D 100 0.150000 2 0.003485
BWT-with-D 100 0.150000 2 0.000044
ST 100 0.150000 2 0.001405
BWT-without-D 100 0.150000 2 0.003424
BWT-with-D 100 0.150000 2 0.000039
ST 100 0.150000 2 0.001316
BWT-without-D 100 0.150000 2 0.003437
BWT-with-D 100 0.150000 2 0.000039
ST 100 0.150000 2 0.001302
BWT-without-D 100 0.200000 2 0.003427
BWT-with-D 100 0.200000 2 0.000039
ST 100 0.200000 2 0.001318
BWT-without-D 100 0.200000 2 0.003369
BWT-with-D 100 0.200000 2 0.000038
ST 100 0.200000 2 0.001310
BWT-without-D 100 0.200000 2 0.003445
BWT-with-D 100 0.200000 2 0.000038
ST 100 0.200000 2 0.001335
BWT-without-D 100 0.200000 2 0.003444
BWT-with-D 100 0.200000 2 0.000037
ST 100 0.200000 2 0.001297
BWT-without-D 100 0.200000 2 0.003448
BWT-with-D 100 0.200000 2 0.000037
ST 100 0.200000 2 0.001397
BWT-without-D 100 0.250000 2 0.003406
BWT-with-D 100 0.250000 2 0.000039
ST 100 0.250000 2 0.001466
BWT-without-D 100 0.250000 2 0.003442
BWT-with-D 100 0.250000 2 0.000039
ST 100 0.250000 2 0.001368
BWT-without-D 100 0.250000 2 0.003596
BWT-with-D 100 0.250000 2 0.000040
ST 100 0.250000 2 0.001395
BWT-without-D 100 0.250000 2 0.003419
BWT-with-D 100 0.250000 2 0.000041
ST 100 0.250000 2 0.001302
BWT-without-D 100 0.250000 2 0.003425
BWT-with-D 100 0.250000 2 0.000040
ST 100 0.250000 2 0.001326
BWT-without-D 100 0.300000 2 0.003378
BWT-with-D 100 0.300000 2 0.000041
ST 100 0.300000 2 0.001305
BWT-without-D 100 0.300000 2 0.003429
BWT-with-D 100 0.300000 2 0.000040
ST 100 0.300000 2 0.001330
BWT-without-D 100 0.300000 2 0.003492
BWT-with-D 100 0.300000 2 0.000040
ST 100 0.300000 2 0.001403
BWT-without-D 100 0.300000 2 0.003427
BWT-with-D 100 0.300000 2 0.000041
ST 100 0.300000 2 0.001380
BWT-without-D 100 0.300000 2 0.003631
BWT-with-D 100 0.300000 2 0.000042
ST 100 0.300000 2 0.001365
BWT-without-D 100 0.350000 2 0.003442
BWT-with-D 100 0.350000 2 0.000041
ST 100 0.350000 2 0.001419
BWT-without-D 100 0.350000 2 0.003501
BWT-with-D 100 0.350000 2 0.000041
ST 100 0.350000 2 0.001359
BWT-without-D 100 0.350000 2 0.003658
BWT-with-D 100 0.350000 2 0.000043
ST 100 0.350000 2 0.001368
BWT-without-D 100 0.350000 2 0.003535
BWT-with-D 100 0.350000 2 0.000046
ST 100 0.350000 2 0.001325
BWT-without-D 100 0.350000 2 0.003447
BWT-with-D 100 0.350000 2 0.000042
ST 100 0.350000 2 0.001382
BWT-without-D 100 0.400000 2 0.003380
BWT-with-D 100 0.400000 2 0.000054
ST 100 0.400000 2 0.001450
BWT-without-D 100 0.400000 2 0.003483
BWT-with-D 100 0.400000 2 0.000040
ST 100 0.400000 2 0.001356
BWT-without-D 100 0.400000 2 0.003438
BWT-with-D 100 0.400000 2 0.000039
ST 100 0.400000 2 0.001349
BWT-without-D 100 0.400000 2 0.003975
BWT-with-D 100 0.400000 2 0.000058
ST 100 0.400000 2 0.002274
BWT-without-D 100 0.400000 2 0.003600
BWT-with-D 100 0.400000 2 0.000068
ST 100 0.400000 2 0.001608
BWT-without-D 100 0.450000 2 0.004328
BWT-with-D 100 0.450000 2 0.000068
ST 100 0.450000 2 0.001796
BWT-without-D 100 0.450000 2 0.003781
BWT-with-D 100 0.450000 2 0.000104
ST 100 0.450000 2 0.001671
BWT-without-D 100 0.450000 2 0.003511
BWT-with-D 100 0.450000 2 0.000060
ST 100 0.450000 2 0.001464
BWT-without-D 100 0.450000 2 0.004080
BWT-with-D 100 0.450000 2 0.000097
ST 100 0.450000 2 0.001735
BWT-without-D 100 0.450000 2 0.003655
BWT-with-D 100 0.450000 2 0.000066
ST 100 0.450000 2 0.001827
BWT-without-D 100 0.050000 3 0.042123
BWT-with-D 100 0.050000 3 0.000071
ST 100 0.050000 3 0.015605
BWT-without-D 100 0.050000 3 0.045583
BWT-with-D 100 0.050000 3 0.000091
ST 100 0.050000 3 0.013232
BWT-without-D 100 0.050000 3 0.039115
BWT-with-D 100 0.050000 3 0.000071
ST 100 0.050000 3 0.013053
BWT-without-D 100 0.050000 3 0.039316
BWT-with-D 100 0.050000 3 0.000061
ST 100 0.050000 3 0.012246
BWT-without-D 100 0.050000 3 0.037780
BWT-with-D 100 0.050000 3 0.000057
ST 100 0.050000 3 0.011892
BWT-without-D 100 0.100000 3 0.038817
BWT-with-D 100 0.100000 3 0.000055
ST 100 0.100000 3 0.012297
BWT-without-D 100 0.100000 3 0.042523
BWT-with-D 100 0.100000 3 0.000086
ST 100 0.100000 3 0.013763
BWT-without-D 100 0.100000 3 0.041729
BWT-with-D 100 0.100000 3 0.000069
ST 100 0.100000 3 0.013403
BWT-without-D 100 0.100000 3 0.040437
BWT-with-D 100 0.100000 3 0.000071
ST 100 0.100000 3 0.012996
BWT-without-D 100 0.100000 3 0.039395
BWT-with-D 100 0.100000 3 0.000064
ST 100 0.100000 3 0.012662
BWT-without-D 100 0.150000 3 0.038615
BWT-with-D 100 0.150000 3 0.000060
ST 100 0.150000 3 0.012547
BWT-without-D 100 0.150000 3 0.038545
BWT-with-D 100 0.150000 3 0.000060
ST 100 0.150000 3 0.012119
BWT-without-D 100 0.150000 3 0.039215
BWT-with-D 100 0.150000 3 0.000056
ST 100 0.150000 3 0.012125
BWT-without-D 100 0.150000 3 0.038324
BWT-with-D 100 0.150000 3 0.000065
ST 100 0.150000 3 0.012917
BWT-without-D 100 0.150000 3 0.038687
BWT-with-D 100 0.150000 3 0.000064
ST 100 0.150000 3 0.012016
BWT-without-D 100 0.200000 3 0.039721
BWT-with-D 100 0.200000 3 0.000064
ST 100 0.200000 3 0.012534
BWT-without-D 100 0.200000 3 0.039197
BWT-with-D 100 0.200000 3 0.000066
ST 100 0.200000 3 0.012198
BWT-without-D 100 0.200000 3 0.038698
BWT-with-D 100 0.200000 3 0.000060
ST 100 0.200000 3 0.013213
BWT-without-D 100 0.200000 3 0.064211
BWT-with-D 100 0.200000 3 0.000096
ST 100 0.200000 3 0.023477
BWT-without-D 100 0.200000 3 0.057998
BWT-with-D 100 0.200000 3 0.000072
ST 100 0.200000 3 0.013098
BWT-without-D 100 0.250000 3 0.038557
BWT-with-D 100 0.250000 3 0.000068
ST 100 0.250000 3 0.012320
BWT-without-D 100 0.250000 3 0.038634
BWT-with-D 100 0.250000 3 0.000062
ST 100 0.250000 3 0.012070
BWT-without-D 100 0.250000 3 0.039396
BWT-with-D 100 0.250000 3 0.000068
ST 100 0.250000 3 0.012364
BWT-without-D 100 0.250000 3 0.038288
BWT-with-D 100 0.250000 3 0.000067
ST 100 0.250000 3 0.012646
BWT-without-D 100 0.250000 3 0.039361
BWT-with-D 100 0.250000 3 0.000068
ST 100 0.250000 3 0.012226
BWT-without-D 100 0.300000 3 0.039485
BWT-with-D 100 0.300000 3 0.000059
ST 100 0.300000 3 0.012223
BWT-without-D 100 0.300000 3 0.039549
BWT-with-D 100 0.300000 3 0.000063
ST 100 0.300000 3 0.012070
BWT-without-D 100 0.300000 3 0.039351
BWT-with-D 100 0.300000 3 0.000063
ST 100 0.300000 3 0.012508
BWT-without-D 100 0.300000 3 0.040982
BWT-with-D 100 0.300000 3 0.000069
ST 100 0.300000 3 0.012843
BWT-without-D 100 0.300000 3 0.040465
BWT-with-D 100 0.300000 3 0.000063
ST 100 0.300000 3 0.012563
BWT-without-D 100 0.350000 3 0.040785
BWT-with-D 100 0.350000 3 0.000069
ST 100 0.350000 3 0.012962
BWT-without-D 100 0.350000 3 0.039161
BWT-with-D 100 0.350000 3 0.000067
ST 100 0.350000 3 0.012182
BWT-without-D 100 0.350000 3 0.039504
BWT-with-D 100 0.350000 3 0.000063
ST 100 0.350000 3 0.012885
BWT-without-D 100 0.350000 3 0.041349
BWT-with-D 100 0.350000 3 0.000068
ST 100 0.350000 3 0.012962
BWT-without-D 100 0.350000 3 0.039318
BWT-with-D 100 0.350000 3 0.000067
ST 100 0.350000 3 0.012292
BWT-without-D 100 0.400000 3 0.039209
BWT-with-D 100 0.400000 3 0.000069
ST 100 0.400000 3 0.012611
BWT-without-D 100 0.400000 3 0.039348
BWT-with-D 100 0.400000 3 0.000062
ST 100 0.400000 3 0.012275
BWT-without-D 100 0.400000 3 0.038993
BWT-with-D 100 0.400000 3 0.000070
ST 100 0.400000 3 0.012300
BWT-without-D 100 0.400000 3 0.039531
BWT-with-D 100 0.400000 3 0.000063
ST 100 0.400000 3 0.012027
BWT-without-D 100 0.400000 3 0.039298
BWT-with-D 100 0.400000 3 0.000078
ST 100 0.400000 3 0.014619
BWT-without-D 100 0.450000 3 0.040794
BWT-with-D 100 0.450000 3 0.000070
ST 100 0.450000 3 0.013697
BWT-without-D 100 0.450000 3 0.039600
BWT-with-D 100 0.450000 3 0.000070
ST 100 0.450000 3 0.013131
BWT-without-D 100 0.450000 3 0.038265
BWT-with-D 100 0.450000 3 0.000070
ST 100 0.450000 3 0.012963
BWT-without-D 100 0.450000 3 0.039572
BWT-with-D 100 0.450000 3 0.000071
ST 100 0.450000 3 0.013364
BWT-without-D 100 0.450000 3 0.040017
BWT-with-D 100 0.450000 3 0.000071
ST 100 0.450000 3 0.012866
BWT-without-D 150 0.050000 1 0.000266
BWT-with-D 150 0.050000 1 0.000094
ST 150 0.050000 1 0.000224
BWT-without-D 150 0.050000 1 0.000308
BWT-with-D 150 0.050000 1 0.000096
ST 150 0.050000 1 0.000190
BWT-without-D 150 0.050000 1 0.000262
BWT-with-D 150 0.050000 1 0.000076
ST 150 0.050000 1 0.000202
BWT-without-D 150 0.050000 1 0.000356
BWT-with-D 150 0.050000 1 0.000061
ST 150 0.050000 1 0.000141
BWT-without-D 150 0.050000 1 0.000245
BWT-with-D 150 0.050000 1 0.000058
ST 150 0.050000 1 0.000141
BWT-without-D 150 0.100000 1 0.000244
BWT-with-D 150 0.100000 1 0.000087
ST 150 0.100000 1 0.000154
BWT-without-D 150 0.100000 1 0.000247
BWT-with-D 150 0.100000 1 0.000095
ST 150 0.100000 1 0.000154
BWT-without-D 150 0.100000 1 0.000239
BWT-with-D 150 0.100000 1 0.000055
ST 150 0.100000 1 0.000144
BWT-without-D 150 0.100000 1 0.000245
BWT-with-D 150 0.100000 1 0.000054
ST 150 0.100000 1 0.000171
BWT-without-D 150 0.100000 1 0.000254
BWT-with-D 150 0.100000 1 0.000053
ST 150 0.100000 1 0.000142
BWT-without-D 150 0.150000 1 0.000248
BWT-with-D 150 0.150000 1 0.000052
ST 150 0.150000 1 0.000141
BWT-without-D 150 0.150000 1 0.000246
BWT-with-D 150 0.150000 1 0.000052
ST 150 0.150000 1 0.000144
BWT-without-D 150 0.150000 1 0.000250
BWT-with-D 150 0.150000 1 0.000053
ST 150 0.150000 1 0.000140
BWT-without-D 150 0.150000 1 0.000255
BWT-with-D 150 0.150000 1 0.000051
ST 150 0.150000 1 0.000140
BWT-without-D 150 0.150000 1 0.000247
BWT-with-D 150 0.150000 1 0.000051
ST 150 0.150000 1 0.000134
BWT-without-D 150 0.200000 1 0.000247
BWT-with-D 150 0.200000 1 0.000052
ST 150 0.200000 1 0.000137
BWT-without-D 150 0.200000 1 0.000243
BWT-with-D 150 0.200000 1 0.000051
ST 150 0.200000 1 0.000138
BWT-without-D 150 0.200000 1 0.000241
BWT-with-D 150 0.200000 1 0.000052
ST 150 0.200000 1 0.000139
BWT-without-D 150 0.200000 1 0.000243
BWT-with-D 150 0.200000 1 0.000052
ST 150 0.200000 1 0.000137
BWT-without-D 150 0.200000 1 0.000245
BWT-with-D 150 0.200000 1 0.000051
ST 150 0.200000 1 0.000136
BWT-without-D 150 0.250000 1 0.000260
BWT-with-D 150 0.250000 1 0.000072
ST 150 0.250000 1 0.000148
BWT-without-D 150 0.250000 1 0.000277
BWT-with-D 150 0.250000 1 0.000055
ST 150 0.250000 1 0.000150
BWT-without-D 150 0.250000 1 0.000246
BWT-with-D 150 0.250000 1 0.000054
ST 150 0.250000 1 0.000151
BWT-without-D 150 0.250000 1 0.000245
BWT-with-D 150 0.250000 1 0.000057
ST 150 0.250000 1 0.000155
BWT-without-D 150 0.250000 1 0.000263
BWT-with-D 150 0.250000 1 0.000055
ST 150 0.250000 1 0.000160
BWT-without-D 150 0.300000 1 0.000342
BWT-with-D 150 0.300000 1 0.000067
ST 150 0.300000 1 0.000164
BWT-without-D 150 0.300000 1 0.000263
BWT-with-D 150 0.300000 1 0.000053
ST 150 0.300000 1 0.000150
BWT-without-D 150 0.300000 1 0.000248
BWT-with-D 150 0.300000 1 0.000053
ST 150 0.300000 1 0.000147
BWT-without-D 150 0.300000 1 0.000247
BWT-with-D 150 0.300000 1 0.000054
ST 150 0.300000 1 0.000153
BWT-without-D 150 0.300000 1 0.000253
BWT-with-D 150 0.300000 1 0.000052
ST 150 0.300000 1 0.000153
BWT-without-D 150 0.350000 1 0.000251
BWT-with-D 150 0.350000 1 0.000052
ST 150 0.350000 1 0.000145
BWT-without-D 150 0.350000 1 0.000247
BWT-with-D 150 0.350000 1 0.000052
ST 150 0.350000 1 0.000145
BWT-without-D 150 0.350000 1 0.000236
BWT-with-D 150 0.350000 1 0.000052
ST 150 0.350000 1 0.000143
BWT-without-D 150 0.350000 1 0.000242
BWT-with-D 150 0.350000 1 0.000051
ST 150 0.350000 1 0.000199
BWT-without-D 150 0.350000 1 0.000265
BWT-with-D 150 0.350000 1 0.000053
ST 150 0.350000 1 0.000146
BWT-without-D 150 0.400000 1 0.000275
BWT-with-D 150 0.400000 1 0.000055
ST 150 0.400000 1 0.000166
BWT-without-D 150 0.400000 1 0.000255
BWT-with-D 150 0.400000 1 0.000068
ST 150 0.400000 1 0.000161
BWT-without-D 150 0.400000 1 0.000269
BWT-with-D 150 0.400000 1 0.000059
ST 150 0.400000 1 0.000172
BWT-without-D 150 0.400000 1 0.000269
BWT-with-D 150 0.400000 1 0.000059
ST 150 0.400000 1 0.000169
BWT-without-D 150 0.400000 1 0.000253
BWT-with-D 150 0.400000 1 0.000054
ST 150 0.400000 1 0.000153
BWT-without-D 150 0.450000 1 0.000253
BWT-with-D 150 0.450000 1 0.000055
ST 150 0.450000 1 0.000151
BWT-without-D 150 0.450000 1 0.000246
BWT-with-D 150 0.450000 1 0.000053
ST 150 0.450000 1 0.000143
BWT-without-D 150 0.450000 1 0.000241
BWT-with-D 150 0.450000 1 0.000052
ST 150 0.450000 1 0.000144
BWT-without-D 150 0.450000 1 0.000252
BWT-with-D 150 0.450000 1 0.000052
ST 150 0.450000 1 0.000141
BWT-without-D 150 0.450000 1 0.000244
BWT-with-D 150 0.450000 1 0.000051
ST 150 0.450000 1 0.000148
BWT-without-D 150 0.050000 2 0.003438
BWT-with-D 150 0.050000 2 0.000052
ST 150 0.050000 2 0.001437
BWT-without-D 150 0.050000 2 0.003452
BWT-with-D 150 0.050000 2 0.000053
ST 150 0.050000 2 0.001360
BWT-without-D 150 0.050000 2 0.003545
BWT-with-D 150 0.050000 2 0.000053
ST 150 0.050000 2 0.001362
BWT-without-D 150 0.050000 2 0.003401
BWT-with-D 150 0.050000 2 0.000053
ST 150 0.050000 2 0.001333
BWT-without-D 150 0.050000 2 0.003437
BWT-with-D 150 0.050000 2 0.000054
ST 150 0.050000 2 0.001363
BWT-without-D 150 0.100000 2 0.003426
BWT-with-D 150 0.100000 2 0.000053
ST 150 0.100000 2 0.001325
BWT-without-D 150 0.100000 2 0.003665
BWT-with-D 150 0.100000 2 0.000074
ST 150 0.100000 2 0.001562
BWT-without-D 150 0.100000 2 0.003377
BWT-with-D 150 0.100000 2 0.000061
ST 150 0.100000 2 0.001357
BWT-without-D 150 0.100000 2 0.003402
BWT-with-D 150 0.100000 2 0.000058
ST 150 0.100000 2 0.001393
BWT-without-D 150 0.100000 2 0.003681
BWT-with-D 150 0.100000 2 0.000086
ST 150 0.100000 2 0.001506
BWT-without-D 150 0.150000 2 0.003428
BWT-with-D 150 0.150000 2 0.000070
ST 150 0.150000 2 0.001432
BWT-without-D 150 0.150000 2 0.003572
BWT-with-D 150 0.150000 2 0.000060
ST 150 0.150000 2 0.001373
BWT-without-D 150 0.150000 2 0.003616
BWT-with-D 150 0.150000 2 0.000086
ST 150 0.150000 2 0.001611
BWT-without-D 150 0.150000 2 0.003349
BWT-with-D 150 0.150000 2 0.000066
ST 150 0.150000 2 0.001399
BWT-without-D 150 0.150000 2 0.003459
BWT-with-D 150 0.150000 2 0.000061
ST 150 0.150000 2 0.001350
BWT-without-D 150 0.200000 2 0.003435
BWT-with-D 150 0.200000 2 0.000061
ST 150 0.200000 2 0.001371
BWT-without-D 150 0.200000 2 0.003589
BWT-with-D 150 0.200000 2 0.000060
ST 150 0.200000 2 0.001600
BWT-without-D 150 0.200000 2 0.003657
BWT-with-D 150 0.200000 2 0.000084
ST 150 0.200000 2 0.001650
BWT-without-D 150 0.200000 2 0.004063
BWT-with-D 150 0.200000 2 0.000105
ST 150 0.200000 2 0.002181
BWT-without-D 150 0.200000 2 0.003746
BWT-with-D 150 0.200000 2 0.000099
ST 150 0.200000 2 0.002145
BWT-without-D 150 0.250000 2 0.003680
BWT-with-D 150 0.250000 2 0.000080
ST 150 0.250000 2 0.001565
BWT-without-D 150 0.250000 2 0.003672
BWT-with-D 150 0.250000 2 0.000072
ST 150 0.250000 2 0.001638
BWT-without-D 150 0.250000 2 0.003965
BWT-with-D 150 0.250000 2 0.000081
ST 150 0.250000 2 0.001674
BWT-without-D 150 0.250000 2 0.003661
BWT-with-D 150 0.250000 2 0.000083
ST 150 0.250000 2 0.001490
BWT-without-D 150 0.250000 2 0.003696
BWT-with-D 150 0.250000 2 0.000091
ST 150 0.250000 2 0.001501
BWT-without-D 150 0.300000 2 0.003739
BWT-with-D 150 0.300000 2 0.000070
ST 150 0.300000 2 0.001437
BWT-without-D 150 0.300000 2 0.003659
BWT-with-D 150 0.300000 2 0.000072
ST 150 0.300000 2 0.001484
BWT-without-D 150 0.300000 2 0.003637
BWT-with-D 150 0.300000 2 0.000077
ST 150 0.300000 2 0.001594
BWT-without-D 150 0.300000 2 0.004190
BWT-with-D 150 0.300000 2 0.000090
ST 150 0.300000 2 0.001670
BWT-without-D 150 0.300000 2 0.003740
BWT-with-D 150 0.300000 2 0.000092
ST 150 0.300000 2 0.001849
BWT-without-D 150 0.350000 2 0.003494
BWT-with-D 150 0.350000 2 0.000081
ST 150 0.350000 2 0.001492
BWT-without-D 150 0.350000 2 0.003545
BWT-with-D 150 0.350000 2 0.000083
ST 150 0.350000 2 0.001529
BWT-without-D 150 0.350000 2 0.003414
BWT-with-D 150 0.350000 2 0.000069
ST 150 0.350000 2 0.001348
BWT-without-D 150 0.350000 2 0.003564
BWT-with-D 150 0.350000 2 0.000074
ST 150 0.350000 2 0.001424
BWT-without-D 150 0.350000 2 0.003652
BWT-with-D 150 0.350000 2 0.000081
ST 150 0.350000 2 0.001566
BWT-without-D 150 0.400000 2 0.003398
BWT-with-D 150 0.400000 2 0.000069
ST 150 0.400000 2 0.001427
BWT-without-D 150 0.400000 2 0.003508
BWT-with-D 150 0.400000 2 0.000070
ST 150 0.400000 2 0.001413
BWT-without-D 150 0.400000 2 0.003481
BWT-with-D 150 0.400000 2 0.000065
ST 150 0.400000 2 0.001378
BWT-without-D 150 0.400000 2 0.003371
BWT-with-D 150 0.400000 2 0.000059
ST 150 0.400000 2 0.001354
BWT-without-D 150 0.400000 2 0.003512
BWT-with-D 150 0.400000 2 0.000056
ST 150 0.400000 2 0.001579
BWT-without-D 150 0.450000 2 0.003502
BWT-with-D 150 0.450000 2 0.000061
ST 150 0.450000 2 0.001331
BWT-without-D 150 0.450000 2 0.003459
BWT-with-D 150 0.450000 2 0.000062
ST 150 0.450000 2 0.001459
BWT-without-D 150 0.450000 2 0.003450
BWT-with-D 150 0.450000 2 0.000078
ST 150 0.450000 2 0.001493
BWT-without-D 150 0.450000 2 0.003463
BWT-with-D 150 0.450000 2 0.000072
ST 150 0.450000 2 0.001449
BWT-without-D 150 0.450000 2 0.003647
BWT-with-D 150 0.450000 2 0.000076
ST 150 0.450000 2 0.001614
BWT-without-D 150 0.050000 3 0.039846
BWT-with-D 150 0.050000 3 0.000096
ST 150 0.050000 3 0.013343
BWT-without-D 150 0.050000 3 0.039827
BWT-with-D 150 0.050000 3 0.000093
ST 150 0.050000 3 0.012920
BWT-without-D 150 0.050000 3 0.039466
BWT-with-D 150 0.050000 3 0.000094
ST 150 0.050000 3 0.013034
BWT-without-D 150 0.050000 3 0.039158
BWT-with-D 150 0.050000 3 0.000098
ST 150 0.050000 3 0.012500
BWT-without-D 150 0.050000 3 0.038374
BWT-with-D 150 0.050000 3 0.000092
ST 150 0.050000 3 0.012630
BWT-without-D 150 0.100000 3 0.039723
BWT-with-D 150 0.100000 3 0.000095
ST 150 0.100000 3 0.012778
BWT-without-D 150 0.100000 3 0.039242
BWT-with-D 150 0.100000 3 0.000150
ST 150 0.100000 3 0.012764
BWT-without-D 150 0.100000 3 0.039919
BWT-with-D 150 0.100000 3 0.000092
ST 150 0.100000 3 0.012716
BWT-without-D 150 0.100000 3 0.041421
BWT-with-D 150 0.100000 3 0.000094
ST 150 0.100000 3 0.013346
BWT-without-D 150 0.100000 3 0.043285
BWT-with-D 150 0.100000 3 0.000095
ST 150 0.100000 3 0.014385
BWT-without-D 150 0.150000 3 0.043478
BWT-with-D 150 0.150000 3 0.000149
ST 150 0.150000 3 0.015259
BWT-without-D 150 0.150000 3 0.045888
BWT-with-D 150 0.150000 3 0.000107
ST 150 0.150000 3 0.016201
BWT-without-D 150 0.150000 3 0.042692
BWT-with-D 150 0.150000 3 0.000102
ST 150 0.150000 3 0.014705
BWT-without-D 150 0.150000 3 0.044329
BWT-with-D 150 0.150000 3 0.000095
ST 150 0.150000 3 0.014513
BWT-without-D 150 0.150000 3 0.046421
BWT-with-D 150 0.150000 3 0.000093
ST 150 0.150000 3 0.016812
BWT-without-D 150 0.200000 3 0.040268
BWT-with-D 150 0.200000 3 0.000093
ST 150 0.200000 3 0.012604
BWT-without-D 150 0.200000 3 0.039170
BWT-with-D 150 0.200000 3 0.000087
ST 150 0.200000 3 0.012633
BWT-without-D 150 0.200000 3 0.042540
BWT-with-D 150 0.200000 3 0.000095
ST 150 0.200000 3 0.014396
BWT-without-D 150 0.200000 3 0.039024
BWT-with-D 150 0.200000 3 0.000094
ST 150 0.200000 3 0.012247
BWT-without-D 150 0.200000 3 0.039426
BWT-with-D 150 0.200000 3 0.000081
ST 150 0.200000 3 0.012158
BWT-without-D 150 0.250000 3 0.040774
BWT-with-D 150 0.250000 3 0.000091
ST 150 0.250000 3 0.013121
BWT-without-D 150 0.250000 3 0.039211
BWT-with-D 150 0.250000 3 0.000090
ST 150 0.250000 3 0.012821
BWT-without-D 150 0.250000 3 0.038949
BWT-with-D 150 0.250000 3 0.000085
ST 150 0.250000 3 0.012294
BWT-without-D 150 0.250000 3 0.039475
BWT-with-D 150 0.250000 3 0.000081
ST 150 0.250000 3 0.013786
BWT-without-D 150 0.250000 3 0.039696
BWT-with-D 150 0.250000 3 0.000094
ST 150 0.250000 3 0.014370
BWT-without-D 150 0.300000 3 0.043841
BWT-with-D 150 0.300000 3 0.000093
ST 150 0.300000 3 0.014381
BWT-without-D 150 0.300000 3 0.042926
BWT-with-D 150 0.300000 3 0.000094
ST 150 0.300000 3 0.013727
BWT-without-D 150 0.300000 3 0.043173
BWT-with-D 150 0.300000 3 0.000095
ST 150 0.300000 3 0.013643
BWT-without-D 150 0.300000 3 0.043872
BWT-with-D 150 0.300000 3 0.000094
ST 150 0.300000 3 0.012330
BWT-without-D 150 0.300000 3 0.039100
BWT-with-D 150 0.300000 3 0.000078
ST 150 0.300000 3 0.012106
BWT-without-D 150 0.350000 3 0.038793
BWT-with-D 150 0.350000 3 0.000074
ST 150 0.350000 3 0.011998
BWT-without-D 150 0.350000 3 0.040070
BWT-with-D 150 0.350000 3 0.000070
ST 150 0.350000 3 0.012137
BWT-without-D 150 0.350000 3 0.039177
BWT-with-D 150 0.350000 3 0.000089
ST 150 0.350000 3 0.012227
BWT-without-D 150 0.350000 3 0.039288
BWT-with-D 150 0.350000 3 0.000076
ST 150 0.350000 3 0.012094
BWT-without-D 150 0.350000 3 0.038796
BWT-with-D 150 0.350000 3 0.000076
ST 150 0.350000 3 0.012235
BWT-without-D 150 0.400000 3 0.039685
BWT-with-D 150 0.400000 3 0.000108
ST 150 0.400000 3 0.012229
BWT-without-D 150 0.400000 3 0.038151
BWT-with-D 150 0.400000 3 0.000067
ST 150 0.400000 3 0.012145
BWT-without-D 150 0.400000 3 0.037567
BWT-with-D 150 0.400000 3 0.000063
ST 150 0.400000 3 0.012045
BWT-without-D 150 0.400000 3 0.039374
BWT-with-D 150 0.400000 3 0.000064
ST 150 0.400000 3 0.012070
BWT-without-D 150 0.400000 3 0.038576
BWT-with-D 150 0.400000 3 0.000067
ST 150 0.400000 3 0.012001
BWT-without-D 150 0.450000 3 0.038392
BWT-with-D 150 0.450000 3 0.000065
ST 150 0.450000 3 0.012176
BWT-without-D 150 0.450000 3 0.038739
BWT-with-D 150 0.450000 3 0.000070
ST 150 0.450000 3 0.012338
BWT-without-D 150 0.450000 3 0.039195
BWT-with-D 150 0.450000 3 0.000075
ST 150 0.450000 3 0.012187
BWT-without-D 150 0.450000 3 0.038867
BWT-with-D 150 0.450000 3 0.000078
ST 150 0.450000 3 0.012045
BWT-without-D 150 0.450000 3 0.039808
BWT-with-D 150 0.450000 3 0.000093
ST 150 0.450000 3 0.012837
