BWT-no-D 0 12 7
BWT-with-D 0 5 0
BWT-no-D 0 0 1
BWT-with-D 0 1 0
BWT-no-D 0 0 2
BWT-with-D 0 1 0
BWT-no-D 0 2 0
BWT-with-D 0 0 1
BWT-no-D 0 0 1
BWT-with-D 0 1 0
BWT-no-D 500 70 33
BWT-with-D 500 125 34
BWT-no-D 500 62 28
BWT-with-D 500 121 29
BWT-no-D 500 61 29
BWT-with-D 500 126 28
BWT-no-D 500 62 29
BWT-with-D 500 124 28
BWT-no-D 500 62 28
BWT-with-D 500 123 28
BWT-no-D 1000 138 78
BWT-with-D 1000 274 88
BWT-no-D 1000 186 81
BWT-with-D 1000 343 59
BWT-no-D 1000 181 57
BWT-with-D 1000 281 60
BWT-no-D 1000 142 58
BWT-with-D 1000 310 75
BWT-no-D 1000 146 78
BWT-with-D 1000 284 55
BWT-no-D 1500 240 91
BWT-with-D 1500 439 102
BWT-no-D 1500 240 83
BWT-with-D 1500 434 84
BWT-no-D 1500 220 83
BWT-with-D 1500 455 83
BWT-no-D 1500 219 113
BWT-with-D 1500 514 131
BWT-no-D 1500 252 102
BWT-with-D 1500 495 98
BWT-no-D 2000 345 154
BWT-with-D 2000 712 177
BWT-no-D 2000 363 128
BWT-with-D 2000 679 124
BWT-no-D 2000 333 122
BWT-with-D 2000 666 122
BWT-no-D 2000 338 126
BWT-with-D 2000 693 132
BWT-no-D 2000 384 189
BWT-with-D 2000 722 124
BWT-no-D 2500 456 193
BWT-with-D 2500 882 153
BWT-no-D 2500 437 168
BWT-with-D 2500 872 152
BWT-no-D 2500 446 151
BWT-with-D 2500 889 194
BWT-no-D 2500 395 139
BWT-with-D 2500 834 139
BWT-no-D 2500 393 140
BWT-with-D 2500 784 138
BWT-no-D 3000 474 170
BWT-with-D 3000 1027 164
BWT-no-D 3000 478 165
BWT-with-D 3000 965 165
BWT-no-D 3000 479 164
BWT-with-D 3000 958 164
BWT-no-D 3000 475 164
BWT-with-D 3000 956 165
BWT-no-D 3000 471 165
BWT-with-D 3000 1016 164
BWT-no-D 3500 567 194
BWT-with-D 3500 1619 285
BWT-no-D 3500 586 193
BWT-with-D 3500 1173 290
BWT-no-D 3500 638 214
BWT-with-D 3500 1266 201
BWT-no-D 3500 572 194
BWT-with-D 3500 1185 194
BWT-no-D 3500 567 193
BWT-with-D 3500 1135 194
BWT-no-D 4000 658 228
BWT-with-D 4000 1506 289
BWT-no-D 4000 664 222
BWT-with-D 4000 1337 222
BWT-no-D 4000 660 222
BWT-with-D 4000 1323 222
BWT-no-D 4000 703 222
BWT-with-D 4000 1421 284
BWT-no-D 4000 664 225
BWT-with-D 4000 1334 224
BWT-no-D 4500 812 303
BWT-with-D 4500 1526 267
BWT-no-D 4500 756 253
BWT-with-D 4500 1507 254
BWT-no-D 4500 757 272
BWT-with-D 4500 1521 254
BWT-no-D 4500 879 474
BWT-with-D 4500 1740 298
BWT-no-D 4500 776 248
BWT-with-D 4500 1629 247
BWT-no-D 5000 849 355
BWT-with-D 5000 1767 278
BWT-no-D 5000 852 280
BWT-with-D 5000 1700 278
BWT-no-D 5000 837 277
BWT-with-D 5000 1687 277
BWT-no-D 5000 850 279
BWT-with-D 5000 1713 277
BWT-no-D 5000 865 278
BWT-with-D 5000 1717 277
BWT-no-D 5500 939 303
BWT-with-D 5500 2352 469
BWT-no-D 5500 981 302
BWT-with-D 5500 2165 416
BWT-no-D 5500 943 312
BWT-with-D 5500 1886 391
BWT-no-D 5500 952 311
BWT-with-D 5500 2143 310
BWT-no-D 5500 979 305
BWT-with-D 5500 1895 305
BWT-no-D 6000 1076 331
BWT-with-D 6000 2142 330
BWT-no-D 6000 1038 331
BWT-with-D 6000 2081 333
BWT-no-D 6000 1029 333
BWT-with-D 6000 2102 432
BWT-no-D 6000 1036 332
BWT-with-D 6000 2154 332
BWT-no-D 6000 1054 333
BWT-with-D 6000 2133 329
BWT-no-D 6500 1118 356
BWT-with-D 6500 2255 358
BWT-no-D 6500 1135 362
BWT-with-D 6500 2285 360
BWT-no-D 6500 1226 359
BWT-with-D 6500 2285 360
BWT-no-D 6500 1133 361
BWT-with-D 6500 2343 360
BWT-no-D 6500 1145 357
BWT-with-D 6500 2298 358
BWT-no-D 7000 1237 487
BWT-with-D 7000 2565 386
BWT-no-D 7000 1238 385
BWT-with-D 7000 2474 387
BWT-no-D 7000 1420 515
BWT-with-D 7000 2622 397
BWT-no-D 7000 1252 391
BWT-with-D 7000 2618 391
BWT-no-D 7000 1245 391
BWT-with-D 7000 2546 388
BWT-no-D 7500 1319 510
BWT-with-D 7500 2673 417
BWT-no-D 7500 1324 416
BWT-with-D 7500 2658 416
BWT-no-D 7500 1334 415
BWT-with-D 7500 2674 417
BWT-no-D 7500 1328 417
BWT-with-D 7500 2671 412
BWT-no-D 7500 1343 411
BWT-with-D 7500 2674 412
BWT-no-D 8000 1572 440
BWT-with-D 8000 3020 439
BWT-no-D 8000 1526 622
BWT-with-D 8000 2906 446
BWT-no-D 8000 1444 444
BWT-with-D 8000 2889 443
BWT-no-D 8000 1418 444
BWT-with-D 8000 2936 443
BWT-no-D 8000 1455 445
BWT-with-D 8000 2915 443
BWT-no-D 8500 1535 471
BWT-with-D 8500 3120 478
BWT-no-D 8500 1552 472
BWT-with-D 8500 3113 474
BWT-no-D 8500 1537 471
BWT-with-D 8500 3069 476
BWT-no-D 8500 1565 472
BWT-with-D 8500 3187 489
BWT-no-D 8500 1541 486
BWT-with-D 8500 3079 480
BWT-no-D 9000 1656 507
BWT-with-D 9000 3318 508
BWT-no-D 9000 1641 505
BWT-with-D 9000 3299 505
BWT-no-D 9000 1629 527
BWT-with-D 9000 3310 507
BWT-no-D 9000 1642 507
BWT-with-D 9000 3293 507
BWT-no-D 9000 1640 506
BWT-with-D 9000 3269 502
BWT-no-D 9500 1761 650
BWT-with-D 9500 4365 543
BWT-no-D 9500 1756 544
BWT-with-D 9500 3770 710
BWT-no-D 9500 1857 550
BWT-with-D 9500 3511 542
BWT-no-D 9500 1858 594
BWT-with-D 9500 3642 543
BWT-no-D 9500 1742 537
BWT-with-D 9500 3509 564
BWT-no-D 10000 1858 563
BWT-with-D 10000 3872 564
BWT-no-D 10000 1845 562
BWT-with-D 10000 3696 708
BWT-no-D 10000 1852 585
BWT-with-D 10000 3834 570
BWT-no-D 10000 1850 555
BWT-with-D 10000 3711 555
BWT-no-D 10000 1857 555
BWT-with-D 10000 3814 561
BWT-no-D 10500 1953 588
BWT-with-D 10500 3956 588
BWT-no-D 10500 1973 590
BWT-with-D 10500 3886 590
BWT-no-D 10500 2082 659
BWT-with-D 10500 4116 606
BWT-no-D 10500 1961 583
BWT-with-D 10500 3908 584
BWT-no-D 10500 1933 584
BWT-with-D 10500 3969 623
BWT-no-D 11000 2065 746
BWT-with-D 11000 4140 628
BWT-no-D 11000 2150 708
BWT-with-D 11000 4255 615
BWT-no-D 11000 2185 612
BWT-with-D 11000 4084 605
BWT-no-D 11000 2041 611
BWT-with-D 11000 4105 610
BWT-no-D 11000 2042 611
BWT-with-D 11000 4291 611
BWT-no-D 11500 2203 813
BWT-with-D 11500 4357 639
BWT-no-D 11500 2119 632
BWT-with-D 11500 4311 636
BWT-no-D 11500 2185 639
BWT-with-D 11500 4392 659
BWT-no-D 11500 2157 655
BWT-with-D 11500 4335 669
BWT-no-D 11500 2153 648
BWT-with-D 11500 4306 646
BWT-no-D 12000 2300 717
BWT-with-D 12000 4634 675
BWT-no-D 12000 2282 678
BWT-with-D 12000 4550 674
BWT-no-D 12000 2249 672
BWT-with-D 12000 4584 668
BWT-no-D 12000 2273 689
BWT-with-D 12000 4541 673
BWT-no-D 12000 2257 677
BWT-with-D 12000 4554 676
BWT-no-D 12500 2384 701
BWT-with-D 12500 4744 703
BWT-no-D 12500 2338 700
BWT-with-D 12500 4710 700
BWT-no-D 12500 2342 701
BWT-with-D 12500 4702 699
BWT-no-D 12500 2386 700
BWT-with-D 12500 4819 688
BWT-no-D 12500 2360 754
BWT-with-D 12500 4764 692
BWT-no-D 13000 2459 722
BWT-with-D 13000 4958 720
BWT-no-D 13000 2506 746
BWT-with-D 13000 4996 733
BWT-no-D 13000 2471 725
BWT-with-D 13000 4956 733
BWT-no-D 13000 2499 732
BWT-with-D 13000 4977 732
BWT-no-D 13000 2496 725
BWT-with-D 13000 4983 762
BWT-no-D 13500 2881 914
BWT-with-D 13500 5592 852
BWT-no-D 13500 2623 769
BWT-with-D 13500 5190 756
BWT-no-D 13500 2604 758
BWT-with-D 13500 5315 752
BWT-no-D 13500 2639 742
BWT-with-D 13500 5191 742
BWT-no-D 13500 2585 751
BWT-with-D 13500 5155 742
BWT-no-D 14000 2721 773
BWT-with-D 14000 5969 785
BWT-no-D 14000 2682 792
BWT-with-D 14000 5389 792
BWT-no-D 14000 3128 867
BWT-with-D 14000 6142 825
BWT-no-D 14000 2933 808
BWT-with-D 14000 5629 885
BWT-no-D 14000 2804 847
BWT-with-D 14000 5709 1227
BWT-no-D 14500 3120 932
BWT-with-D 14500 5714 835
BWT-no-D 14500 2803 804
BWT-with-D 14500 5969 804
BWT-no-D 14500 2799 798
BWT-with-D 14500 5605 815
BWT-no-D 14500 2755 799
BWT-with-D 14500 5686 807
BWT-no-D 14500 2773 803
BWT-with-D 14500 5564 802
BWT-no-D 15000 2876 824
BWT-with-D 15000 5986 1042
BWT-no-D 15000 2994 863
BWT-with-D 15000 5927 838
BWT-no-D 15000 2921 828
BWT-with-D 15000 5986 868
BWT-no-D 15000 2878 835
BWT-with-D 15000 6804 1268
BWT-no-D 15000 3119 848
BWT-with-D 15000 6036 1053
BWT-no-D 15500 3077 881
BWT-with-D 15500 6272 885
BWT-no-D 15500 3045 866
BWT-with-D 15500 6610 967
BWT-no-D 15500 3448 1018
BWT-with-D 15500 6659 1000
BWT-no-D 15500 3302 859
BWT-with-D 15500 6398 860
BWT-no-D 15500 3104 959
BWT-with-D 15500 6764 994
BWT-no-D 16000 3368 907
BWT-with-D 16000 7269 1083
BWT-no-D 16000 3610 1240
BWT-with-D 16000 6886 1032
BWT-no-D 16000 3551 1042
BWT-with-D 16000 6851 898
BWT-no-D 16000 3575 993
BWT-with-D 16000 7465 1001
BWT-no-D 16000 3557 980
BWT-with-D 16000 7100 987
BWT-no-D 16500 3549 1013
BWT-with-D 16500 7101 1057
BWT-no-D 16500 3552 1062
BWT-with-D 16500 7510 993
BWT-no-D 16500 3593 1248
BWT-with-D 16500 7142 1048
BWT-no-D 16500 3691 976
BWT-with-D 16500 6728 932
BWT-no-D 16500 4006 1384
BWT-with-D 16500 7251 944
BWT-no-D 17000 3360 966
BWT-with-D 17000 7527 1591
BWT-no-D 17000 4409 1440
BWT-with-D 17000 7292 946
BWT-no-D 17000 3313 1053
BWT-with-D 17000 6918 957
BWT-no-D 17000 3409 1009
BWT-with-D 17000 6951 1187
BWT-no-D 17000 3488 950
BWT-with-D 17000 6678 940
BWT-no-D 17500 3583 985
BWT-with-D 17500 6938 1186
BWT-no-D 17500 3432 1059
BWT-with-D 17500 7098 970
BWT-no-D 17500 3432 964
BWT-with-D 17500 7067 1002
BWT-no-D 17500 3456 1013
BWT-with-D 17500 7117 1218
BWT-no-D 17500 3468 1017
BWT-with-D 17500 7116 1007
BWT-no-D 18000 3683 1144
BWT-with-D 18000 7132 994
BWT-no-D 18000 3802 998
BWT-with-D 18000 7224 1004
BWT-no-D 18000 3684 999
BWT-with-D 18000 7245 1050
BWT-no-D 18000 3548 993
BWT-with-D 18000 7371 1106
BWT-no-D 18000 3689 1050
BWT-with-D 18000 7419 1199
BWT-no-D 18500 3926 1204
BWT-with-D 18500 8793 1207
BWT-no-D 18500 3978 1061
BWT-with-D 18500 8027 1157
BWT-no-D 18500 4102 1148
BWT-with-D 18500 8118 1079
BWT-no-D 18500 3688 1209
BWT-with-D 18500 7985 1093
BWT-no-D 18500 4002 1056
BWT-with-D 18500 7878 1271
BWT-no-D 19000 3775 1132
BWT-with-D 19000 8355 1308
BWT-no-D 19000 3744 1060
BWT-with-D 19000 8386 1084
BWT-no-D 19000 3980 1396
BWT-with-D 19000 7669 1284
BWT-no-D 19000 3951 1301
BWT-with-D 19000 7819 1057
BWT-no-D 19000 4143 1079
BWT-with-D 19000 7673 1091
BWT-no-D 19500 4407 1124
BWT-with-D 19500 7861 1137
BWT-no-D 19500 3927 1177
BWT-with-D 19500 8036 1119
BWT-no-D 19500 3990 1255
BWT-with-D 19500 8252 1097
BWT-no-D 19500 3900 1075
BWT-with-D 19500 8132 1086
BWT-no-D 19500 3929 1078
BWT-with-D 19500 8397 1111
BWT-no-D 20000 4000 1139
BWT-with-D 20000 8193 1338
BWT-no-D 20000 4089 1178
BWT-with-D 20000 8099 1148
BWT-no-D 20000 4340 1187
BWT-with-D 20000 8059 1133
BWT-no-D 20000 4327 1124
BWT-with-D 20000 8016 1124
BWT-no-D 20000 4378 1310
BWT-with-D 20000 8132 1111
BWT-no-D 20500 4103 1258
BWT-with-D 20500 8578 1144
BWT-no-D 20500 4139 1140
BWT-with-D 20500 8581 1190
BWT-no-D 20500 4097 1146
BWT-with-D 20500 8686 1151
BWT-no-D 20500 4219 1136
BWT-with-D 20500 8705 1222
BWT-no-D 20500 4118 1182
BWT-with-D 20500 9126 2167
BWT-no-D 21000 4786 1304
BWT-with-D 21000 10538 1404
BWT-no-D 21000 4885 1251
BWT-with-D 21000 10645 1316
BWT-no-D 21000 4740 1315
BWT-with-D 21000 9631 1222
BWT-no-D 21000 4208 1284
BWT-with-D 21000 9112 1223
BWT-no-D 21000 4315 1171
BWT-with-D 21000 8888 1186
BWT-no-D 21500 4382 1198
BWT-with-D 21500 8995 1472
BWT-no-D 21500 4368 1212
BWT-with-D 21500 9136 1255
BWT-no-D 21500 4472 1230
BWT-with-D 21500 9082 1215
BWT-no-D 21500 4490 1208
BWT-with-D 21500 9021 1231
BWT-no-D 21500 4389 1229
BWT-with-D 21500 8911 1206
BWT-no-D 22000 4906 1276
BWT-with-D 22000 9803 1844
BWT-no-D 22000 4841 1319
BWT-with-D 22000 9861 1279
BWT-no-D 22000 4934 1271
BWT-with-D 22000 9911 1240
BWT-no-D 22000 4463 1232
BWT-with-D 22000 9785 1271
BWT-no-D 22000 4742 1312
BWT-with-D 22000 9587 1265
BWT-no-D 22500 4610 1720
BWT-with-D 22500 9608 1385
BWT-no-D 22500 4884 1450
BWT-with-D 22500 9562 1347
BWT-no-D 22500 4676 1485
BWT-with-D 22500 9387 1313
BWT-no-D 22500 5095 1416
BWT-with-D 22500 9521 1246
BWT-no-D 22500 4935 1652
BWT-with-D 22500 9395 1288
BWT-no-D 23000 5107 1342
BWT-with-D 23000 9909 1516
BWT-no-D 23000 5323 1492
BWT-with-D 23000 10220 2111
BWT-no-D 23000 5397 1510
BWT-with-D 23000 10791 1367
BWT-no-D 23000 5598 1566
BWT-with-D 23000 10323 1481
BWT-no-D 23000 4782 1337
BWT-with-D 23000 10022 1374
BWT-no-D 23500 4914 1305
BWT-with-D 23500 10560 1622
BWT-no-D 23500 5331 1429
BWT-with-D 23500 10511 1365
BWT-no-D 23500 4925 1383
BWT-with-D 23500 9590 1359
BWT-no-D 23500 4845 1299
BWT-with-D 23500 10407 1367
BWT-no-D 23500 4999 1365
BWT-with-D 23500 9938 1365
BWT-no-D 24000 5418 1507
BWT-with-D 24000 10625 1452
BWT-no-D 24000 4903 1541
BWT-with-D 24000 10201 1536
BWT-no-D 24000 4981 1331
BWT-with-D 24000 9906 1383
BWT-no-D 24000 5229 1401
BWT-with-D 24000 10538 1426
BWT-no-D 24000 5475 1367
BWT-with-D 24000 10160 1373
BWT-no-D 24500 4994 1363
BWT-with-D 24500 10369 1511
BWT-no-D 24500 5288 1377
BWT-with-D 24500 10711 1372
BWT-no-D 24500 4993 1366
BWT-with-D 24500 10145 1374
BWT-no-D 24500 4956 1352
BWT-with-D 24500 10007 1368
BWT-no-D 24500 4958 1355
BWT-with-D 24500 10027 1394
BWT-no-D 25000 5101 1397
BWT-with-D 25000 10224 1398
BWT-no-D 25000 5186 1416
BWT-with-D 25000 10434 1424
BWT-no-D 25000 5075 1417
BWT-with-D 25000 10255 1431
BWT-no-D 25000 5160 1420
BWT-with-D 25000 10363 1417
BWT-no-D 25000 5137 1420
BWT-with-D 25000 10524 1397
BWT-no-D 25500 5459 1485
BWT-with-D 25500 10528 1514
BWT-no-D 25500 5313 1437
BWT-with-D 25500 10779 1436
BWT-no-D 25500 5253 1454
BWT-with-D 25500 10472 1449
BWT-no-D 25500 5255 1450
BWT-with-D 25500 10559 1517
BWT-no-D 25500 5263 1431
BWT-with-D 25500 10549 1442
BWT-no-D 26000 5313 1468
BWT-with-D 26000 10762 1477
BWT-no-D 26000 5324 1464
BWT-with-D 26000 10773 1473
BWT-no-D 26000 5328 1464
BWT-with-D 26000 10744 1476
BWT-no-D 26000 5390 1462
BWT-with-D 26000 10838 1540
BWT-no-D 26000 5307 1472
BWT-with-D 26000 10602 1475
BWT-no-D 26500 5452 1716
BWT-with-D 26500 11266 1561
BWT-no-D 26500 5514 1530
BWT-with-D 26500 11130 1706
BWT-no-D 26500 5709 1749
BWT-with-D 26500 11185 1523
BWT-no-D 26500 5522 1605
BWT-with-D 26500 11090 1469
BWT-no-D 26500 5642 1532
BWT-with-D 26500 10961 1520
BWT-no-D 27000 5572 1519
BWT-with-D 27000 11281 1529
BWT-no-D 27000 5549 1513
BWT-with-D 27000 11156 1539
BWT-no-D 27000 5616 1539
BWT-with-D 27000 11224 1540
BWT-no-D 27000 5634 1605
BWT-with-D 27000 11230 1624
BWT-no-D 27000 5613 1555
BWT-with-D 27000 11199 1547
BWT-no-D 27500 5725 1921
BWT-with-D 27500 11640 1581
BWT-no-D 27500 5796 1543
BWT-with-D 27500 11678 1533
BWT-no-D 27500 5826 1523
BWT-with-D 27500 11481 1567
BWT-no-D 27500 5832 1568
BWT-with-D 27500 11501 1569
BWT-no-D 27500 5976 1942
BWT-with-D 27500 11585 1565
BWT-no-D 28000 5865 1780
BWT-with-D 28000 12226 1665
BWT-no-D 28000 6106 1631
BWT-with-D 28000 12624 1663
BWT-no-D 28000 5797 1645
BWT-with-D 28000 12242 1769
BWT-no-D 28000 5834 1595
BWT-with-D 28000 12183 1865
BWT-no-D 28000 6021 1563
BWT-with-D 28000 12022 1853
BWT-no-D 28500 5914 1659
BWT-with-D 28500 12156 1637
BWT-no-D 28500 6377 1598
BWT-with-D 28500 12164 1652
BWT-no-D 28500 6146 1622
BWT-with-D 28500 12582 1729
BWT-no-D 28500 6206 1584
BWT-with-D 28500 12337 1696
BWT-no-D 28500 6070 1595
BWT-with-D 28500 12243 1621
BWT-no-D 29000 6315 1758
BWT-with-D 29000 12513 1670
BWT-no-D 29000 6222 1653
BWT-with-D 29000 12334 1679
BWT-no-D 29000 6225 1758
BWT-with-D 29000 12470 1731
BWT-no-D 29000 6345 1690
BWT-with-D 29000 12761 1757
BWT-no-D 29000 6217 1695
BWT-with-D 29000 12511 1663
BWT-no-D 29500 6400 1708
BWT-with-D 29500 12610 1718
BWT-no-D 29500 6233 2033
BWT-with-D 29500 12437 1740
BWT-no-D 29500 6389 1656
BWT-with-D 29500 12538 1642
BWT-no-D 29500 6479 1750
BWT-with-D 29500 12558 1681
BWT-no-D 29500 6302 1638
BWT-with-D 29500 12353 1708
BWT-no-D 30000 6445 1706
BWT-with-D 30000 12856 1806
BWT-no-D 30000 6395 1716
BWT-with-D 30000 12732 2046
BWT-no-D 30000 6271 1783
BWT-with-D 30000 13173 1780
BWT-no-D 30000 6253 1680
BWT-with-D 30000 12592 1785
BWT-no-D 30000 6336 1670
BWT-with-D 30000 12518 1672
BWT-no-D 30500 6414 1699
BWT-with-D 30500 12997 1748
BWT-no-D 30500 6620 1791
BWT-with-D 30500 12921 2178
BWT-no-D 30500 6359 1739
BWT-with-D 30500 12926 1738
BWT-no-D 30500 6329 1734
BWT-with-D 30500 12771 1722
BWT-no-D 30500 6343 1721
BWT-with-D 30500 12990 1787
BWT-no-D 31000 6529 1775
BWT-with-D 31000 13180 1742
BWT-no-D 31000 6878 1898
BWT-with-D 31000 13534 1736
BWT-no-D 31000 7097 1925
BWT-with-D 31000 13732 1763
BWT-no-D 31000 6668 1747
BWT-with-D 31000 13369 1981
BWT-no-D 31000 6510 1721
BWT-with-D 31000 13495 1742
BWT-no-D 31500 6641 2378
BWT-with-D 31500 13773 1811
BWT-no-D 31500 6862 1813
BWT-with-D 31500 13614 1881
BWT-no-D 31500 6901 1753
BWT-with-D 31500 13678 1797
BWT-no-D 31500 6924 1791
BWT-with-D 31500 13781 1749
BWT-no-D 31500 7016 1829
BWT-with-D 31500 13614 2044
BWT-no-D 32000 6731 1834
BWT-with-D 32000 14354 1866
BWT-no-D 32000 7228 1884
BWT-with-D 32000 13908 1858
BWT-no-D 32000 6936 1780
BWT-with-D 32000 13659 1828
BWT-no-D 32000 6777 2313
BWT-with-D 32000 13987 1933
BWT-no-D 32000 7041 1846
BWT-with-D 32000 13934 1840
BWT-no-D 32500 7050 1919
BWT-with-D 32500 13814 1920
BWT-no-D 32500 7204 1841
BWT-with-D 32500 13957 1814
BWT-no-D 32500 6862 1894
BWT-with-D 32500 13822 1912
BWT-no-D 32500 6864 1852
BWT-with-D 32500 13916 1881
BWT-no-D 32500 6987 1864
BWT-with-D 32500 13803 1901
BWT-no-D 33000 7178 2396
BWT-with-D 33000 13998 1855
BWT-no-D 33000 7195 1916
BWT-with-D 33000 14306 1899
BWT-no-D 33000 6900 2104
BWT-with-D 33000 14017 1886
BWT-no-D 33000 7059 1961
BWT-with-D 33000 14315 1894
BWT-no-D 33000 7709 2165
BWT-with-D 33000 15339 2050
BWT-no-D 33500 8116 2089
BWT-with-D 33500 15946 2300
BWT-no-D 33500 7924 2227
BWT-with-D 33500 15172 1929
BWT-no-D 33500 7881 1932
BWT-with-D 33500 14754 1941
BWT-no-D 33500 7177 1935
BWT-with-D 33500 14408 1919
BWT-no-D 33500 7092 1887
BWT-with-D 33500 14280 1898
BWT-no-D 34000 7180 1938
BWT-with-D 34000 14307 1964
BWT-no-D 34000 7135 1894
BWT-with-D 34000 14426 1952
BWT-no-D 34000 7165 1887
BWT-with-D 34000 14732 2033
BWT-no-D 34000 7453 1977
BWT-with-D 34000 14600 1942
BWT-no-D 34000 7153 1967
BWT-with-D 34000 14531 1948
BWT-no-D 34500 7357 2039
BWT-with-D 34500 14825 1985
BWT-no-D 34500 7317 1982
BWT-with-D 34500 14789 1997
BWT-no-D 34500 7339 1954
BWT-with-D 34500 14688 1987
BWT-no-D 34500 7469 2005
BWT-with-D 34500 14757 1957
BWT-no-D 34500 7426 2004
BWT-with-D 34500 14834 1958
BWT-no-D 35000 7689 2025
BWT-with-D 35000 15322 2074
BWT-no-D 35000 7688 2003
BWT-with-D 35000 15809 2052
BWT-no-D 35000 7562 2017
BWT-with-D 35000 15087 2018
BWT-no-D 35000 7453 2026
BWT-with-D 35000 15022 2092
BWT-no-D 35000 7464 2032
BWT-with-D 35000 14884 2018
BWT-no-D 35500 7493 1978
BWT-with-D 35500 15137 2043
BWT-no-D 35500 7527 1975
BWT-with-D 35500 15132 2050
BWT-no-D 35500 7625 1986
BWT-with-D 35500 15118 2053
BWT-no-D 35500 7546 1987
BWT-with-D 35500 15300 2074
BWT-no-D 35500 7554 2031
BWT-with-D 35500 15379 2052
BWT-no-D 36000 7654 2034
BWT-with-D 36000 15497 2111
BWT-no-D 36000 7667 2236
BWT-with-D 36000 15719 2200
BWT-no-D 36000 7751 2091
BWT-with-D 36000 15596 2042
BWT-no-D 36000 7757 2109
BWT-with-D 36000 15568 2091
BWT-no-D 36000 7737 2063
BWT-with-D 36000 15517 2059
BWT-no-D 36500 7874 2117
BWT-with-D 36500 15882 2105
BWT-no-D 36500 7879 2111
BWT-with-D 36500 15758 2091
BWT-no-D 36500 7767 2035
BWT-with-D 36500 15685 2090
BWT-no-D 36500 7827 2073
BWT-with-D 36500 15759 2053
BWT-no-D 36500 7887 2156
BWT-with-D 36500 15666 2136
BWT-no-D 37000 7946 2155
BWT-with-D 37000 16023 2259
BWT-no-D 37000 7979 2068
BWT-with-D 37000 16397 2556
BWT-no-D 37000 8216 2137
BWT-with-D 37000 15895 2239
BWT-no-D 37000 8135 2122
BWT-with-D 37000 15912 2105
BWT-no-D 37000 7891 2124
BWT-with-D 37000 15846 2103
BWT-no-D 37500 7946 2149
BWT-with-D 37500 16119 2142
BWT-no-D 37500 8080 2141
BWT-with-D 37500 16243 2108
BWT-no-D 37500 7974 2144
BWT-with-D 37500 16085 2119
BWT-no-D 37500 7956 2150
BWT-with-D 37500 16431 2128
BWT-no-D 37500 8020 2109
BWT-with-D 37500 16212 2138
BWT-no-D 38000 8235 2136
BWT-with-D 38000 16697 2192
BWT-no-D 38000 8223 2188
BWT-with-D 38000 16544 2175
BWT-no-D 38000 8224 2356
BWT-with-D 38000 16565 2213
BWT-no-D 38000 8188 2166
BWT-with-D 38000 16489 2185
BWT-no-D 38000 8189 2170
BWT-with-D 38000 16412 2171
BWT-no-D 38500 8298 2217
BWT-with-D 38500 17464 2236
BWT-no-D 38500 8344 2292
BWT-with-D 38500 17374 2221
BWT-no-D 38500 8262 2281
BWT-with-D 38500 16640 2242
BWT-no-D 38500 8465 2217
BWT-with-D 38500 16655 2257
BWT-no-D 38500 8351 2192
BWT-with-D 38500 16678 2430
BWT-no-D 39000 8336 2183
BWT-with-D 39000 17198 2258
BWT-no-D 39000 8557 2273
BWT-with-D 39000 17087 2251
BWT-no-D 39000 8261 2271
BWT-with-D 39000 16794 2252
BWT-no-D 39000 8507 2239
BWT-with-D 39000 17154 2363
BWT-no-D 39000 8980 2326
BWT-with-D 39000 17512 2301
BWT-no-D 39500 8636 2235
BWT-with-D 39500 17768 2270
BWT-no-D 39500 8560 2253
BWT-with-D 39500 17252 2281
BWT-no-D 39500 8573 2295
BWT-with-D 39500 17447 2405
BWT-no-D 39500 8781 2263
BWT-with-D 39500 17325 2381
BWT-no-D 39500 9370 2483
BWT-with-D 39500 20294 2436
BWT-no-D 40000 9029 2401
BWT-with-D 40000 18087 2433
BWT-no-D 40000 8575 2288
BWT-with-D 40000 17422 2337
BWT-no-D 40000 8557 2324
BWT-with-D 40000 17616 2475
BWT-no-D 40000 8648 2441
BWT-with-D 40000 17549 2423
BWT-no-D 40000 9079 2288
BWT-with-D 40000 17816 2339
BWT-no-D 40500 9072 2345
BWT-with-D 40500 18043 2337
BWT-no-D 40500 8637 2318
BWT-with-D 40500 17567 2318
BWT-no-D 40500 8785 2327
BWT-with-D 40500 17456 2334
BWT-no-D 40500 8897 2329
BWT-with-D 40500 17615 2340
BWT-no-D 40500 8719 2322
BWT-with-D 40500 18514 2395
BWT-no-D 41000 9156 2421
BWT-with-D 41000 19672 2625
BWT-no-D 41000 10649 2683
BWT-with-D 41000 20076 2473
BWT-no-D 41000 9225 2486
BWT-with-D 41000 18550 2402
BWT-no-D 41000 8782 2442
BWT-with-D 41000 17849 2358
BWT-no-D 41000 8965 2372
BWT-with-D 41000 18096 2376
BWT-no-D 41500 8936 2470
BWT-with-D 41500 18051 2407
BWT-no-D 41500 9042 2406
BWT-with-D 41500 18878 2594
BWT-no-D 41500 9500 2564
BWT-with-D 41500 19119 2551
BWT-no-D 41500 9517 2975
BWT-with-D 41500 18042 2427
BWT-no-D 41500 9113 2431
BWT-with-D 41500 18344 2498
BWT-no-D 42000 9245 2436
BWT-with-D 42000 18499 2438
BWT-no-D 42000 9228 2448
BWT-with-D 42000 18540 2440
BWT-no-D 42000 9264 2428
BWT-with-D 42000 18566 2420
BWT-no-D 42000 9215 2420
BWT-with-D 42000 18357 2573
BWT-no-D 42000 9286 2405
BWT-with-D 42000 18353 2416
BWT-no-D 42500 9230 2434
BWT-with-D 42500 18596 2506
BWT-no-D 42500 9901 2520
BWT-with-D 42500 18694 2497
BWT-no-D 42500 9155 2542
BWT-with-D 42500 18663 2453
BWT-no-D 42500 9515 2459
BWT-with-D 42500 18688 2435
BWT-no-D 42500 9292 2488
BWT-with-D 42500 18490 2589
BWT-no-D 43000 9433 2666
BWT-with-D 43000 18749 2496
BWT-no-D 43000 9518 2502
BWT-with-D 43000 19096 2557
BWT-no-D 43000 9512 2512
BWT-with-D 43000 18957 2557
BWT-no-D 43000 9387 2484
BWT-with-D 43000 18901 2575
BWT-no-D 43000 9416 2493
BWT-with-D 43000 19403 2536
BWT-no-D 43500 9875 2516
BWT-with-D 43500 19603 2499
BWT-no-D 43500 9806 2472
BWT-with-D 43500 19360 2552
BWT-no-D 43500 9686 2569
BWT-with-D 43500 19481 2742
BWT-no-D 43500 9769 2518
BWT-with-D 43500 19728 2525
BWT-no-D 43500 9947 2771
BWT-with-D 43500 20529 2888
BWT-no-D 44000 10097 2829
BWT-with-D 44000 21274 2629
BWT-no-D 44000 10528 2504
BWT-with-D 44000 20162 2643
BWT-no-D 44000 10451 2677
BWT-with-D 44000 20994 2793
BWT-no-D 44000 9943 2979
BWT-with-D 44000 20540 2591
BWT-no-D 44000 9888 3037
BWT-with-D 44000 20105 2607
BWT-no-D 44500 10080 3068
BWT-with-D 44500 20513 2626
BWT-no-D 44500 10176 2793
BWT-with-D 44500 20309 3086
BWT-no-D 44500 10732 2598
BWT-with-D 44500 22001 2576
BWT-no-D 44500 10257 2686
BWT-with-D 44500 20018 2599
BWT-no-D 44500 9936 2825
BWT-with-D 44500 19914 2842
BWT-no-D 45000 9847 2872
BWT-with-D 45000 20300 2601
BWT-no-D 45000 10372 2626
BWT-with-D 45000 20203 2671
BWT-no-D 45000 10166 2639
BWT-with-D 45000 20262 2682
BWT-no-D 45000 10105 3167
BWT-with-D 45000 20130 2867
BWT-no-D 45000 10851 2791
BWT-with-D 45000 20842 2614
BWT-no-D 45500 10433 2639
BWT-with-D 45500 20825 2667
BWT-no-D 45500 10382 2637
BWT-with-D 45500 20687 2928
BWT-no-D 45500 10009 2806
BWT-with-D 45500 20549 2625
BWT-no-D 45500 9977 2632
BWT-with-D 45500 20188 2687
BWT-no-D 45500 9993 2658
BWT-with-D 45500 20311 2654
BWT-no-D 46000 10641 3064
BWT-with-D 46000 22083 3023
BWT-no-D 46000 11631 3579
BWT-with-D 46000 23557 3027
BWT-no-D 46000 10645 2684
BWT-with-D 46000 21127 2784
BWT-no-D 46000 10206 2631
BWT-with-D 46000 21243 2672
BWT-no-D 46000 10376 2714
BWT-with-D 46000 21021 2928
BWT-no-D 46500 10566 2673
BWT-with-D 46500 21200 2786
BWT-no-D 46500 10630 3200
BWT-with-D 46500 21023 2772
BWT-no-D 46500 10602 3093
BWT-with-D 46500 20848 2899
BWT-no-D 46500 10565 2706
BWT-with-D 46500 21602 2696
BWT-no-D 46500 10548 2698
BWT-with-D 46500 20905 2861
BWT-no-D 47000 10514 2728
BWT-with-D 47000 21331 2753
BWT-no-D 47000 10493 2751
BWT-with-D 47000 21165 2762
BWT-no-D 47000 10352 2975
BWT-with-D 47000 21411 2797
BWT-no-D 47000 10769 2845
BWT-with-D 47000 21306 2785
BWT-no-D 47000 10565 2744
BWT-with-D 47000 21324 2745
BWT-no-D 47500 10715 2761
BWT-with-D 47500 21254 2798
BWT-no-D 47500 10603 2740
BWT-with-D 47500 21309 2771
BWT-no-D 47500 10628 2820
BWT-with-D 47500 21721 2881
BWT-no-D 47500 10682 3040
BWT-with-D 47500 21237 2778
BWT-no-D 47500 10428 2745
BWT-with-D 47500 21503 2739
BWT-no-D 48000 10930 2963
BWT-with-D 48000 21867 2850
BWT-no-D 48000 10813 3012
BWT-with-D 48000 21465 2813
BWT-no-D 48000 10835 2806
BWT-with-D 48000 21537 3387
BWT-no-D 48000 10645 2851
BWT-with-D 48000 22249 2775
BWT-no-D 48000 10693 2895
BWT-with-D 48000 21316 2870
BWT-no-D 48500 11010 2857
BWT-with-D 48500 21811 3141
BWT-no-D 48500 10815 2883
BWT-with-D 48500 24199 2828
BWT-no-D 48500 11391 3423
BWT-with-D 48500 25874 3298
BWT-no-D 48500 12900 3113
BWT-with-D 48500 24306 3130
BWT-no-D 48500 13174 4975
BWT-with-D 48500 26912 2989
BWT-no-D 49000 10944 2906
BWT-with-D 49000 22633 2849
BWT-no-D 49000 11051 2884
BWT-with-D 49000 22515 3005
BWT-no-D 49000 10892 3055
BWT-with-D 49000 22894 3060
BWT-no-D 49000 13154 3781
BWT-with-D 49000 24852 3387
BWT-no-D 49000 11195 2925
BWT-with-D 49000 21961 2840
BWT-no-D 49500 11453 3134
BWT-with-D 49500 23532 3151
BWT-no-D 49500 12126 3124
BWT-with-D 49500 23813 3032
BWT-no-D 49500 11547 3318
BWT-with-D 49500 25664 3364
BWT-no-D 49500 12690 4153
BWT-with-D 49500 24529 3301
BWT-no-D 49500 12158 3218
BWT-with-D 49500 23350 3127
