SA 3500000 100 0.002579
BWT 3500000 100 0.001202
ST 3500000 100 0.000539
SA 3500000 100 0.002006
BWT 3500000 100 0.001949
ST 3500000 100 0.000616
SA 3500000 100 0.002531
BWT 3500000 100 0.001633
ST 3500000 100 0.000524
SA 3500000 100 0.001929
BWT 3500000 100 0.001685
ST 3500000 100 0.000552
SA 3500000 100 0.001861
BWT 3500000 100 0.001303
ST 3500000 100 0.000477
SA 3500000 100 0.002132
BWT 3500000 100 0.001399
ST 3500000 100 0.000476
SA 3500000 100 0.001878
BWT 3500000 100 0.001214
ST 3500000 100 0.000482
SA 3500000 100 0.001965
BWT 3500000 100 0.001520
ST 3500000 100 0.000500
SA 3500000 100 0.001864
BWT 3500000 100 0.001557
ST 3500000 100 0.000460
SA 3500000 100 0.001853
BWT 3500000 100 0.001509
ST 3500000 100 0.000466
SA 3500000 200 0.002293
BWT 3500000 200 0.002357
ST 3500000 200 0.000508
SA 3500000 200 0.002451
BWT 3500000 200 0.002510
ST 3500000 200 0.000532
SA 3500000 200 0.002580
BWT 3500000 200 0.002464
ST 3500000 200 0.000657
SA 3500000 200 0.002376
BWT 3500000 200 0.003180
ST 3500000 200 0.000555
SA 3500000 200 0.002218
BWT 3500000 200 0.003638
ST 3500000 200 0.000582
SA 3500000 200 0.002398
BWT 3500000 200 0.002725
ST 3500000 200 0.000552
SA 3500000 200 0.002853
BWT 3500000 200 0.003121
ST 3500000 200 0.000598
SA 3500000 200 0.002783
BWT 3500000 200 0.002367
ST 3500000 200 0.000589
SA 3500000 200 0.002390
BWT 3500000 200 0.002605
ST 3500000 200 0.000513
SA 3500000 200 0.002335
BWT 3500000 200 0.002853
ST 3500000 200 0.000515
SA 3500000 300 0.002768
BWT 3500000 300 0.003487
ST 3500000 300 0.000562
SA 3500000 300 0.002694
BWT 3500000 300 0.007262
ST 3500000 300 0.000570
SA 3500000 300 0.002676
BWT 3500000 300 0.005403
ST 3500000 300 0.000676
SA 3500000 300 0.002721
BWT 3500000 300 0.004282
ST 3500000 300 0.000568
SA 3500000 300 0.002856
BWT 3500000 300 0.003389
ST 3500000 300 0.000564
SA 3500000 300 0.002743
BWT 3500000 300 0.004342
ST 3500000 300 0.000573
SA 3500000 300 0.002713
BWT 3500000 300 0.003469
ST 3500000 300 0.000603
SA 3500000 300 0.002799
BWT 3500000 300 0.003421
ST 3500000 300 0.000586
SA 3500000 300 0.002860
BWT 3500000 300 0.003924
ST 3500000 300 0.000564
SA 3500000 300 0.002961
BWT 3500000 300 0.003970
ST 3500000 300 0.000588
SA 3500000 400 0.003149
BWT 3500000 400 0.004520
ST 3500000 400 0.000634
SA 3500000 400 0.003109
BWT 3500000 400 0.004648
ST 3500000 400 0.000617
SA 3500000 400 0.003141
BWT 3500000 400 0.004614
ST 3500000 400 0.000624
SA 3500000 400 0.003398
BWT 3500000 400 0.004505
ST 3500000 400 0.000625
SA 3500000 400 0.003572
BWT 3500000 400 0.004530
ST 3500000 400 0.000629
SA 3500000 400 0.003260
BWT 3500000 400 0.004606
ST 3500000 400 0.000634
SA 3500000 400 0.003755
BWT 3500000 400 0.008218
ST 3500000 400 0.000685
SA 3500000 400 0.004953
BWT 3500000 400 0.005544
ST 3500000 400 0.000637
SA 3500000 400 0.003126
BWT 3500000 400 0.004549
ST 3500000 400 0.000613
SA 3500000 400 0.003270
BWT 3500000 400 0.004548
ST 3500000 400 0.000616
SA 3500000 500 0.003575
BWT 3500000 500 0.005686
ST 3500000 500 0.000659
SA 3500000 500 0.003423
BWT 3500000 500 0.005571
ST 3500000 500 0.000747
SA 3500000 500 0.004163
BWT 3500000 500 0.009160
ST 3500000 500 0.001014
SA 3500000 500 0.005054
BWT 3500000 500 0.009994
ST 3500000 500 0.000657
SA 3500000 500 0.003585
BWT 3500000 500 0.005794
ST 3500000 500 0.000674
SA 3500000 500 0.003597
BWT 3500000 500 0.005596
ST 3500000 500 0.000701
SA 3500000 500 0.003568
BWT 3500000 500 0.005716
ST 3500000 500 0.000872
SA 3500000 500 0.003667
BWT 3500000 500 0.005661
ST 3500000 500 0.000656
SA 3500000 500 0.003562
BWT 3500000 500 0.005761
ST 3500000 500 0.000674
SA 3500000 500 0.003609
BWT 3500000 500 0.005631
ST 3500000 500 0.000722
SA 3600000 100 0.001876
BWT 3600000 100 0.001595
ST 3600000 100 0.000533
SA 3600000 100 0.001996
BWT 3600000 100 0.001194
ST 3600000 100 0.000473
SA 3600000 100 0.002239
BWT 3600000 100 0.001337
ST 3600000 100 0.000513
SA 3600000 100 0.002138
BWT 3600000 100 0.001263
ST 3600000 100 0.000488
SA 3600000 100 0.001982
BWT 3600000 100 0.001286
ST 3600000 100 0.000524
SA 3600000 100 0.001872
BWT 3600000 100 0.001234
ST 3600000 100 0.000474
SA 3600000 100 0.001931
BWT 3600000 100 0.001203
ST 3600000 100 0.000474
SA 3600000 100 0.001886
BWT 3600000 100 0.001320
ST 3600000 100 0.000624
SA 3600000 100 0.001882
BWT 3600000 100 0.001197
ST 3600000 100 0.000464
SA 3600000 100 0.002245
BWT 3600000 100 0.001687
ST 3600000 100 0.000505
SA 3600000 200 0.002693
BWT 3600000 200 0.002819
ST 3600000 200 0.000641
SA 3600000 200 0.002449
BWT 3600000 200 0.004248
ST 3600000 200 0.000571
SA 3600000 200 0.002232
BWT 3600000 200 0.003770
ST 3600000 200 0.000525
SA 3600000 200 0.002212
BWT 3600000 200 0.002418
ST 3600000 200 0.000543
SA 3600000 200 0.002115
BWT 3600000 200 0.003210
ST 3600000 200 0.000515
SA 3600000 200 0.002164
BWT 3600000 200 0.002398
ST 3600000 200 0.000512
SA 3600000 200 0.002300
BWT 3600000 200 0.002302
ST 3600000 200 0.000515
SA 3600000 200 0.002161
BWT 3600000 200 0.002288
ST 3600000 200 0.000516
SA 3600000 200 0.002113
BWT 3600000 200 0.002701
ST 3600000 200 0.000576
SA 3600000 200 0.002320
BWT 3600000 200 0.002352
ST 3600000 200 0.000512
SA 3600000 300 0.002722
BWT 3600000 300 0.004189
ST 3600000 300 0.000566
SA 3600000 300 0.002734
BWT 3600000 300 0.003487
ST 3600000 300 0.000659
SA 3600000 300 0.002674
BWT 3600000 300 0.003506
ST 3600000 300 0.000617
SA 3600000 300 0.002687
BWT 3600000 300 0.003432
ST 3600000 300 0.000570
SA 3600000 300 0.002754
BWT 3600000 300 0.003471
ST 3600000 300 0.000569
SA 3600000 300 0.002651
BWT 3600000 300 0.003418
ST 3600000 300 0.000591
SA 3600000 300 0.002696
BWT 3600000 300 0.003858
ST 3600000 300 0.000633
SA 3600000 300 0.002602
BWT 3600000 300 0.004120
ST 3600000 300 0.000586
SA 3600000 300 0.002888
BWT 3600000 300 0.003366
ST 3600000 300 0.000625
SA 3600000 300 0.002580
BWT 3600000 300 0.003455
ST 3600000 300 0.000586
SA 3600000 400 0.002987
BWT 3600000 400 0.004596
ST 3600000 400 0.000648
SA 3600000 400 0.003271
BWT 3600000 400 0.004656
ST 3600000 400 0.000607
SA 3600000 400 0.003202
BWT 3600000 400 0.004574
ST 3600000 400 0.000616
SA 3600000 400 0.003113
BWT 3600000 400 0.004717
ST 3600000 400 0.000622
SA 3600000 400 0.003266
BWT 3600000 400 0.004592
ST 3600000 400 0.000638
SA 3600000 400 0.003259
BWT 3600000 400 0.005341
ST 3600000 400 0.000650
SA 3600000 400 0.003140
BWT 3600000 400 0.004607
ST 3600000 400 0.000616
SA 3600000 400 0.003175
BWT 3600000 400 0.004476
ST 3600000 400 0.000611
SA 3600000 400 0.002980
BWT 3600000 400 0.004656
ST 3600000 400 0.000612
SA 3600000 400 0.003174
BWT 3600000 400 0.004837
ST 3600000 400 0.000645
SA 3600000 500 0.003607
BWT 3600000 500 0.005703
ST 3600000 500 0.001020
SA 3600000 500 0.003584
BWT 3600000 500 0.005666
ST 3600000 500 0.000735
SA 3600000 500 0.003556
BWT 3600000 500 0.009169
ST 3600000 500 0.000730
SA 3600000 500 0.004105
BWT 3600000 500 0.008623
ST 3600000 500 0.000671
SA 3600000 500 0.003981
BWT 3600000 500 0.005963
ST 3600000 500 0.001298
SA 3600000 500 0.003632
BWT 3600000 500 0.006214
ST 3600000 500 0.000664
SA 3600000 500 0.003807
BWT 3600000 500 0.005627
ST 3600000 500 0.000728
SA 3600000 500 0.003447
BWT 3600000 500 0.007533
ST 3600000 500 0.000679
SA 3600000 500 0.003588
BWT 3600000 500 0.006125
ST 3600000 500 0.000796
SA 3600000 500 0.003490
BWT 3600000 500 0.009361
ST 3600000 500 0.000660
SA 3700000 100 0.002795
BWT 3700000 100 0.001507
ST 3700000 100 0.000469
SA 3700000 100 0.002077
BWT 3700000 100 0.001464
ST 3700000 100 0.000479
SA 3700000 100 0.001896
BWT 3700000 100 0.001736
ST 3700000 100 0.000503
SA 3700000 100 0.001903
BWT 3700000 100 0.001225
ST 3700000 100 0.000477
SA 3700000 100 0.001807
BWT 3700000 100 0.001357
ST 3700000 100 0.000514
SA 3700000 100 0.001744
BWT 3700000 100 0.001270
ST 3700000 100 0.000490
SA 3700000 100 0.001947
BWT 3700000 100 0.001307
ST 3700000 100 0.000484
SA 3700000 100 0.001797
BWT 3700000 100 0.001646
ST 3700000 100 0.000483
SA 3700000 100 0.001759
BWT 3700000 100 0.001312
ST 3700000 100 0.000445
SA 3700000 100 0.001702
BWT 3700000 100 0.001426
ST 3700000 100 0.000526
SA 3700000 200 0.002137
BWT 3700000 200 0.002696
ST 3700000 200 0.000604
SA 3700000 200 0.002291
BWT 3700000 200 0.002309
ST 3700000 200 0.001356
SA 3700000 200 0.002226
BWT 3700000 200 0.002477
ST 3700000 200 0.001364
SA 3700000 200 0.002305
BWT 3700000 200 0.002409
ST 3700000 200 0.000551
SA 3700000 200 0.002447
BWT 3700000 200 0.002499
ST 3700000 200 0.000515
SA 3700000 200 0.002471
BWT 3700000 200 0.003460
ST 3700000 200 0.000505
SA 3700000 200 0.002474
BWT 3700000 200 0.002468
ST 3700000 200 0.000511
SA 3700000 200 0.002293
BWT 3700000 200 0.002760
ST 3700000 200 0.000533
SA 3700000 200 0.002293
BWT 3700000 200 0.003044
ST 3700000 200 0.000540
SA 3700000 200 0.002192
BWT 3700000 200 0.003050
ST 3700000 200 0.000557
SA 3700000 300 0.002642
BWT 3700000 300 0.003835
ST 3700000 300 0.000653
SA 3700000 300 0.002775
BWT 3700000 300 0.003991
ST 3700000 300 0.000607
SA 3700000 300 0.002602
BWT 3700000 300 0.004329
ST 3700000 300 0.000561
SA 3700000 300 0.002808
BWT 3700000 300 0.003807
ST 3700000 300 0.000629
SA 3700000 300 0.002678
BWT 3700000 300 0.004789
ST 3700000 300 0.000560
SA 3700000 300 0.002700
BWT 3700000 300 0.003684
ST 3700000 300 0.000717
SA 3700000 300 0.002836
BWT 3700000 300 0.004756
ST 3700000 300 0.000599
SA 3700000 300 0.002748
BWT 3700000 300 0.005264
ST 3700000 300 0.000677
SA 3700000 300 0.003240
BWT 3700000 300 0.007337
ST 3700000 300 0.000583
SA 3700000 300 0.002780
BWT 3700000 300 0.005699
ST 3700000 300 0.000595
SA 3700000 400 0.003171
BWT 3700000 400 0.011661
ST 3700000 400 0.000782
SA 3700000 400 0.003185
BWT 3700000 400 0.008725
ST 3700000 400 0.000659
SA 3700000 400 0.003249
BWT 3700000 400 0.005446
ST 3700000 400 0.000604
SA 3700000 400 0.003887
BWT 3700000 400 0.005422
ST 3700000 400 0.000666
SA 3700000 400 0.003201
BWT 3700000 400 0.005849
ST 3700000 400 0.000621
SA 3700000 400 0.003522
BWT 3700000 400 0.005566
ST 3700000 400 0.000632
SA 3700000 400 0.003198
BWT 3700000 400 0.005481
ST 3700000 400 0.000604
SA 3700000 400 0.003424
BWT 3700000 400 0.004600
ST 3700000 400 0.000620
SA 3700000 400 0.003176
BWT 3700000 400 0.004862
ST 3700000 400 0.000633
SA 3700000 400 0.003234
BWT 3700000 400 0.004885
ST 3700000 400 0.000622
SA 3700000 500 0.003703
BWT 3700000 500 0.005984
ST 3700000 500 0.000682
SA 3700000 500 0.005560
BWT 3700000 500 0.008910
ST 3700000 500 0.000671
SA 3700000 500 0.003651
BWT 3700000 500 0.005718
ST 3700000 500 0.000709
SA 3700000 500 0.003642
BWT 3700000 500 0.005707
ST 3700000 500 0.000694
SA 3700000 500 0.003606
BWT 3700000 500 0.006526
ST 3700000 500 0.001223
SA 3700000 500 0.005365
BWT 3700000 500 0.009877
ST 3700000 500 0.000697
SA 3700000 500 0.003625
BWT 3700000 500 0.005832
ST 3700000 500 0.000716
SA 3700000 500 0.006001
BWT 3700000 500 0.006469
ST 3700000 500 0.000691
SA 3700000 500 0.003689
BWT 3700000 500 0.007849
ST 3700000 500 0.000673
SA 3700000 500 0.003614
BWT 3700000 500 0.007805
ST 3700000 500 0.000680
SA 3800000 100 0.001945
BWT 3800000 100 0.001210
ST 3800000 100 0.000457
SA 3800000 100 0.002006
BWT 3800000 100 0.001259
ST 3800000 100 0.000492
SA 3800000 100 0.001913
BWT 3800000 100 0.001632
ST 3800000 100 0.000507
SA 3800000 100 0.001900
BWT 3800000 100 0.001230
ST 3800000 100 0.000485
SA 3800000 100 0.001881
BWT 3800000 100 0.001235
ST 3800000 100 0.000503
SA 3800000 100 0.001852
BWT 3800000 100 0.001261
ST 3800000 100 0.000479
SA 3800000 100 0.001879
BWT 3800000 100 0.001228
ST 3800000 100 0.000477
SA 3800000 100 0.001937
BWT 3800000 100 0.001237
ST 3800000 100 0.000463
SA 3800000 100 0.001890
BWT 3800000 100 0.001228
ST 3800000 100 0.000480
SA 3800000 100 0.001989
BWT 3800000 100 0.001250
ST 3800000 100 0.000541
SA 3800000 200 0.002184
BWT 3800000 200 0.002825
ST 3800000 200 0.000550
SA 3800000 200 0.002364
BWT 3800000 200 0.002472
ST 3800000 200 0.000539
SA 3800000 200 0.002216
BWT 3800000 200 0.003864
ST 3800000 200 0.000572
SA 3800000 200 0.002259
BWT 3800000 200 0.003225
ST 3800000 200 0.000515
SA 3800000 200 0.002198
BWT 3800000 200 0.002994
ST 3800000 200 0.000543
SA 3800000 200 0.002597
BWT 3800000 200 0.002603
ST 3800000 200 0.000573
SA 3800000 200 0.002385
BWT 3800000 200 0.002895
ST 3800000 200 0.000540
SA 3800000 200 0.002637
BWT 3800000 200 0.002529
ST 3800000 200 0.000638
SA 3800000 200 0.002168
BWT 3800000 200 0.002380
ST 3800000 200 0.000532
SA 3800000 200 0.002146
BWT 3800000 200 0.002689
ST 3800000 200 0.000550
SA 3800000 300 0.002814
BWT 3800000 300 0.003726
ST 3800000 300 0.000568
SA 3800000 300 0.003174
BWT 3800000 300 0.003489
ST 3800000 300 0.000563
SA 3800000 300 0.002794
BWT 3800000 300 0.003544
ST 3800000 300 0.000600
SA 3800000 300 0.002805
BWT 3800000 300 0.005610
ST 3800000 300 0.000587
SA 3800000 300 0.002779
BWT 3800000 300 0.003441
ST 3800000 300 0.000595
SA 3800000 300 0.002863
BWT 3800000 300 0.003597
ST 3800000 300 0.000577
SA 3800000 300 0.003442
BWT 3800000 300 0.003901
ST 3800000 300 0.001226
SA 3800000 300 0.002804
BWT 3800000 300 0.003485
ST 3800000 300 0.000575
SA 3800000 300 0.002779
BWT 3800000 300 0.003588
ST 3800000 300 0.000582
SA 3800000 300 0.002714
BWT 3800000 300 0.003636
ST 3800000 300 0.000590
SA 3800000 400 0.003279
BWT 3800000 400 0.004681
ST 3800000 400 0.000614
SA 3800000 400 0.003182
BWT 3800000 400 0.004630
ST 3800000 400 0.000677
SA 3800000 400 0.003180
BWT 3800000 400 0.004679
ST 3800000 400 0.000610
SA 3800000 400 0.003221
BWT 3800000 400 0.004654
ST 3800000 400 0.000632
SA 3800000 400 0.003010
BWT 3800000 400 0.004634
ST 3800000 400 0.000612
SA 3800000 400 0.003247
BWT 3800000 400 0.006071
ST 3800000 400 0.000685
SA 3800000 400 0.004377
BWT 3800000 400 0.004763
ST 3800000 400 0.000655
SA 3800000 400 0.003072
BWT 3800000 400 0.004975
ST 3800000 400 0.000700
SA 3800000 400 0.003160
BWT 3800000 400 0.004585
ST 3800000 400 0.000643
SA 3800000 400 0.003183
BWT 3800000 400 0.004673
ST 3800000 400 0.000613
SA 3800000 500 0.003991
BWT 3800000 500 0.006443
ST 3800000 500 0.000677
SA 3800000 500 0.003463
BWT 3800000 500 0.005989
ST 3800000 500 0.000676
SA 3800000 500 0.003727
BWT 3800000 500 0.005626
ST 3800000 500 0.000789
SA 3800000 500 0.003660
BWT 3800000 500 0.005696
ST 3800000 500 0.000658
SA 3800000 500 0.003565
BWT 3800000 500 0.006057
ST 3800000 500 0.000676
SA 3800000 500 0.003619
BWT 3800000 500 0.010537
ST 3800000 500 0.000678
SA 3800000 500 0.003554
BWT 3800000 500 0.005722
ST 3800000 500 0.000673
SA 3800000 500 0.003476
BWT 3800000 500 0.005863
ST 3800000 500 0.000716
SA 3800000 500 0.003775
BWT 3800000 500 0.005694
ST 3800000 500 0.000730
SA 3800000 500 0.003502
BWT 3800000 500 0.005794
ST 3800000 500 0.000693
SA 3900000 100 0.001928
BWT 3900000 100 0.001777
ST 3900000 100 0.000508
SA 3900000 100 0.001889
BWT 3900000 100 0.001334
ST 3900000 100 0.000493
SA 3900000 100 0.001896
BWT 3900000 100 0.001239
ST 3900000 100 0.000565
SA 3900000 100 0.002093
BWT 3900000 100 0.001275
ST 3900000 100 0.000500
SA 3900000 100 0.002167
BWT 3900000 100 0.001262
ST 3900000 100 0.000472
SA 3900000 100 0.002053
BWT 3900000 100 0.001612
ST 3900000 100 0.000504
SA 3900000 100 0.001734
BWT 3900000 100 0.001309
ST 3900000 100 0.000503
SA 3900000 100 0.001872
BWT 3900000 100 0.001311
ST 3900000 100 0.000501
SA 3900000 100 0.001896
BWT 3900000 100 0.001370
ST 3900000 100 0.000478
SA 3900000 100 0.001996
BWT 3900000 100 0.001275
ST 3900000 100 0.000560
SA 3900000 200 0.002505
BWT 3900000 200 0.002400
ST 3900000 200 0.000565
SA 3900000 200 0.002357
BWT 3900000 200 0.002434
ST 3900000 200 0.000518
SA 3900000 200 0.002565
BWT 3900000 200 0.002594
ST 3900000 200 0.000539
SA 3900000 200 0.002619
BWT 3900000 200 0.003190
ST 3900000 200 0.000541
SA 3900000 200 0.002194
BWT 3900000 200 0.002760
ST 3900000 200 0.000533
SA 3900000 200 0.002425
BWT 3900000 200 0.002600
ST 3900000 200 0.000490
SA 3900000 200 0.003920
BWT 3900000 200 0.002475
ST 3900000 200 0.000532
SA 3900000 200 0.002329
BWT 3900000 200 0.002428
ST 3900000 200 0.000599
SA 3900000 200 0.002302
BWT 3900000 200 0.002690
ST 3900000 200 0.000530
SA 3900000 200 0.002385
BWT 3900000 200 0.002425
ST 3900000 200 0.000522
SA 3900000 300 0.002808
BWT 3900000 300 0.003751
ST 3900000 300 0.000575
SA 3900000 300 0.002636
BWT 3900000 300 0.003642
ST 3900000 300 0.000586
SA 3900000 300 0.002780
BWT 3900000 300 0.003569
ST 3900000 300 0.000595
SA 3900000 300 0.002671
BWT 3900000 300 0.003676
ST 3900000 300 0.000590
SA 3900000 300 0.002837
BWT 3900000 300 0.003550
ST 3900000 300 0.000601
SA 3900000 300 0.002824
BWT 3900000 300 0.003938
ST 3900000 300 0.000617
SA 3900000 300 0.002666
BWT 3900000 300 0.004343
ST 3900000 300 0.000620
SA 3900000 300 0.002655
BWT 3900000 300 0.003907
ST 3900000 300 0.000630
SA 3900000 300 0.002639
BWT 3900000 300 0.003849
ST 3900000 300 0.000626
SA 3900000 300 0.002622
BWT 3900000 300 0.003619
ST 3900000 300 0.000600
SA 3900000 400 0.003019
BWT 3900000 400 0.005247
ST 3900000 400 0.000633
SA 3900000 400 0.003028
BWT 3900000 400 0.004772
ST 3900000 400 0.000643
SA 3900000 400 0.003203
BWT 3900000 400 0.004642
ST 3900000 400 0.000835
SA 3900000 400 0.003244
BWT 3900000 400 0.005442
ST 3900000 400 0.000628
SA 3900000 400 0.003340
BWT 3900000 400 0.005130
ST 3900000 400 0.000614
SA 3900000 400 0.003170
BWT 3900000 400 0.004829
ST 3900000 400 0.000623
SA 3900000 400 0.003272
BWT 3900000 400 0.004611
ST 3900000 400 0.000624
SA 3900000 400 0.003258
BWT 3900000 400 0.005453
ST 3900000 400 0.000629
SA 3900000 400 0.003588
BWT 3900000 400 0.004682
ST 3900000 400 0.000647
SA 3900000 400 0.003099
BWT 3900000 400 0.004609
ST 3900000 400 0.000725
SA 3900000 500 0.003507
BWT 3900000 500 0.005841
ST 3900000 500 0.000878
SA 3900000 500 0.003631
BWT 3900000 500 0.006908
ST 3900000 500 0.000676
SA 3900000 500 0.003474
BWT 3900000 500 0.005734
ST 3900000 500 0.000762
SA 3900000 500 0.003499
BWT 3900000 500 0.008298
ST 3900000 500 0.000679
SA 3900000 500 0.003533
BWT 3900000 500 0.006541
ST 3900000 500 0.000673
SA 3900000 500 0.003544
BWT 3900000 500 0.005862
ST 3900000 500 0.000710
SA 3900000 500 0.004225
BWT 3900000 500 0.006174
ST 3900000 500 0.000678
SA 3900000 500 0.003637
BWT 3900000 500 0.006452
ST 3900000 500 0.000680
SA 3900000 500 0.003617
BWT 3900000 500 0.006835
ST 3900000 500 0.000677
SA 3900000 500 0.003692
BWT 3900000 500 0.005799
ST 3900000 500 0.000689
SA 4000000 100 0.001747
BWT 4000000 100 0.001280
ST 4000000 100 0.000495
SA 4000000 100 0.001861
BWT 4000000 100 0.001271
ST 4000000 100 0.000720
SA 4000000 100 0.001739
BWT 4000000 100 0.001260
ST 4000000 100 0.000490
SA 4000000 100 0.001905
BWT 4000000 100 0.001284
ST 4000000 100 0.000526
SA 4000000 100 0.001754
BWT 4000000 100 0.001272
ST 4000000 100 0.000531
SA 4000000 100 0.001890
BWT 4000000 100 0.001303
ST 4000000 100 0.000495
SA 4000000 100 0.001899
BWT 4000000 100 0.001247
ST 4000000 100 0.000475
SA 4000000 100 0.001794
BWT 4000000 100 0.001244
ST 4000000 100 0.000468
SA 4000000 100 0.001910
BWT 4000000 100 0.001258
ST 4000000 100 0.000477
SA 4000000 100 0.001749
BWT 4000000 100 0.001430
ST 4000000 100 0.000478
SA 4000000 200 0.002364
BWT 4000000 200 0.002397
ST 4000000 200 0.000538
SA 4000000 200 0.002269
BWT 4000000 200 0.002412
ST 4000000 200 0.000525
SA 4000000 200 0.002370
BWT 4000000 200 0.002348
ST 4000000 200 0.000578
SA 4000000 200 0.002329
BWT 4000000 200 0.002474
ST 4000000 200 0.000538
SA 4000000 200 0.002389
BWT 4000000 200 0.002446
ST 4000000 200 0.000529
SA 4000000 200 0.002360
BWT 4000000 200 0.002697
ST 4000000 200 0.000529
SA 4000000 200 0.002220
BWT 4000000 200 0.002372
ST 4000000 200 0.000528
SA 4000000 200 0.002252
BWT 4000000 200 0.002503
ST 4000000 200 0.000535
SA 4000000 200 0.002377
BWT 4000000 200 0.002921
ST 4000000 200 0.000538
SA 4000000 200 0.002423
BWT 4000000 200 0.002385
ST 4000000 200 0.000523
SA 4000000 300 0.002762
BWT 4000000 300 0.003519
ST 4000000 300 0.000575
SA 4000000 300 0.002864
BWT 4000000 300 0.003495
ST 4000000 300 0.000572
SA 4000000 300 0.002685
BWT 4000000 300 0.003683
ST 4000000 300 0.000579
SA 4000000 300 0.002720
BWT 4000000 300 0.003642
ST 4000000 300 0.000562
SA 4000000 300 0.002629
BWT 4000000 300 0.003562
ST 4000000 300 0.000576
SA 4000000 300 0.002743
BWT 4000000 300 0.003732
ST 4000000 300 0.000576
SA 4000000 300 0.002761
BWT 4000000 300 0.003558
ST 4000000 300 0.000574
SA 4000000 300 0.002822
BWT 4000000 300 0.003555
ST 4000000 300 0.000584
SA 4000000 300 0.002755
BWT 4000000 300 0.003729
ST 4000000 300 0.000578
SA 4000000 300 0.002613
BWT 4000000 300 0.003681
ST 4000000 300 0.000588
SA 4000000 400 0.003202
BWT 4000000 400 0.004684
ST 4000000 400 0.000630
SA 4000000 400 0.003295
BWT 4000000 400 0.004697
ST 4000000 400 0.000652
SA 4000000 400 0.003063
BWT 4000000 400 0.004578
ST 4000000 400 0.000694
SA 4000000 400 0.003213
BWT 4000000 400 0.004732
ST 4000000 400 0.000640
SA 4000000 400 0.003202
BWT 4000000 400 0.004777
ST 4000000 400 0.000679
SA 4000000 400 0.003298
BWT 4000000 400 0.004657
ST 4000000 400 0.000656
SA 4000000 400 0.003194
BWT 4000000 400 0.004767
ST 4000000 400 0.000641
SA 4000000 400 0.003233
BWT 4000000 400 0.004719
ST 4000000 400 0.000703
SA 4000000 400 0.003035
BWT 4000000 400 0.004717
ST 4000000 400 0.000637
SA 4000000 400 0.003189
BWT 4000000 400 0.004635
ST 4000000 400 0.000652
SA 4000000 500 0.003476
BWT 4000000 500 0.005906
ST 4000000 500 0.000755
SA 4000000 500 0.003640
BWT 4000000 500 0.005923
ST 4000000 500 0.000705
SA 4000000 500 0.003510
BWT 4000000 500 0.006077
ST 4000000 500 0.000733
SA 4000000 500 0.003485
BWT 4000000 500 0.005919
ST 4000000 500 0.000741
SA 4000000 500 0.003655
BWT 4000000 500 0.005973
ST 4000000 500 0.000682
SA 4000000 500 0.003484
BWT 4000000 500 0.005827
ST 4000000 500 0.000735
SA 4000000 500 0.003493
BWT 4000000 500 0.005965
ST 4000000 500 0.000674
SA 4000000 500 0.003576
BWT 4000000 500 0.005774
ST 4000000 500 0.000671
SA 4000000 500 0.003466
BWT 4000000 500 0.005791
ST 4000000 500 0.000679
SA 4000000 500 0.003660
BWT 4000000 500 0.005765
ST 4000000 500 0.000686
SA 4100000 100 0.001784
BWT 4100000 100 0.001231
ST 4100000 100 0.000550
SA 4100000 100 0.002046
BWT 4100000 100 0.001271
ST 4100000 100 0.000499
SA 4100000 100 0.001937
BWT 4100000 100 0.001227
ST 4100000 100 0.000543
SA 4100000 100 0.001955
BWT 4100000 100 0.001272
ST 4100000 100 0.000507
SA 4100000 100 0.001951
BWT 4100000 100 0.001542
ST 4100000 100 0.000613
SA 4100000 100 0.001792
BWT 4100000 100 0.001311
ST 4100000 100 0.000514
SA 4100000 100 0.001772
BWT 4100000 100 0.001286
ST 4100000 100 0.000477
SA 4100000 100 0.001915
BWT 4100000 100 0.001371
ST 4100000 100 0.000520
SA 4100000 100 0.001791
BWT 4100000 100 0.001230
ST 4100000 100 0.000478
SA 4100000 100 0.001958
BWT 4100000 100 0.001521
ST 4100000 100 0.000515
SA 4100000 200 0.002192
BWT 4100000 200 0.002438
ST 4100000 200 0.000555
SA 4100000 200 0.002364
BWT 4100000 200 0.002395
ST 4100000 200 0.000536
SA 4100000 200 0.002442
BWT 4100000 200 0.002451
ST 4100000 200 0.000635
SA 4100000 200 0.002482
BWT 4100000 200 0.002445
ST 4100000 200 0.000626
SA 4100000 200 0.002396
BWT 4100000 200 0.002442
ST 4100000 200 0.000547
SA 4100000 200 0.002354
BWT 4100000 200 0.002778
ST 4100000 200 0.000602
SA 4100000 200 0.002426
BWT 4100000 200 0.002681
ST 4100000 200 0.000548
SA 4100000 200 0.002352
BWT 4100000 200 0.002570
ST 4100000 200 0.000575
SA 4100000 200 0.002333
BWT 4100000 200 0.002424
ST 4100000 200 0.000541
SA 4100000 200 0.002478
BWT 4100000 200 0.002491
ST 4100000 200 0.000622
SA 4100000 300 0.002822
BWT 4100000 300 0.003663
ST 4100000 300 0.000614
SA 4100000 300 0.002802
BWT 4100000 300 0.003613
ST 4100000 300 0.000607
SA 4100000 300 0.002651
BWT 4100000 300 0.004525
ST 4100000 300 0.000599
SA 4100000 300 0.003013
BWT 4100000 300 0.003646
ST 4100000 300 0.000589
SA 4100000 300 0.002819
BWT 4100000 300 0.003911
ST 4100000 300 0.000736
SA 4100000 300 0.002773
BWT 4100000 300 0.003700
ST 4100000 300 0.000633
SA 4100000 300 0.002761
BWT 4100000 300 0.003568
ST 4100000 300 0.000671
SA 4100000 300 0.002767
BWT 4100000 300 0.003777
ST 4100000 300 0.000592
SA 4100000 300 0.002882
BWT 4100000 300 0.003839
ST 4100000 300 0.000580
SA 4100000 300 0.002764
BWT 4100000 300 0.003642
ST 4100000 300 0.000595
SA 4100000 400 0.003175
BWT 4100000 400 0.004700
ST 4100000 400 0.000990
SA 4100000 400 0.003250
BWT 4100000 400 0.004742
ST 4100000 400 0.000691
SA 4100000 400 0.003046
BWT 4100000 400 0.004902
ST 4100000 400 0.000752
SA 4100000 400 0.003187
BWT 4100000 400 0.004875
ST 4100000 400 0.001242
SA 4100000 400 0.003297
BWT 4100000 400 0.004674
ST 4100000 400 0.000679
SA 4100000 400 0.003167
BWT 4100000 400 0.004988
ST 4100000 400 0.000646
SA 4100000 400 0.003226
BWT 4100000 400 0.004653
ST 4100000 400 0.000664
SA 4100000 400 0.003272
BWT 4100000 400 0.004733
ST 4100000 400 0.000695
SA 4100000 400 0.003199
BWT 4100000 400 0.004665
ST 4100000 400 0.000628
SA 4100000 400 0.003349
BWT 4100000 400 0.005844
ST 4100000 400 0.000629
SA 4100000 500 0.003642
BWT 4100000 500 0.006213
ST 4100000 500 0.000683
SA 4100000 500 0.003693
BWT 4100000 500 0.006701
ST 4100000 500 0.000905
SA 4100000 500 0.003644
BWT 4100000 500 0.006127
ST 4100000 500 0.000683
SA 4100000 500 0.003596
BWT 4100000 500 0.006372
ST 4100000 500 0.000685
SA 4100000 500 0.003987
BWT 4100000 500 0.005857
ST 4100000 500 0.000687
SA 4100000 500 0.003777
BWT 4100000 500 0.007200
ST 4100000 500 0.000675
SA 4100000 500 0.004379
BWT 4100000 500 0.007312
ST 4100000 500 0.000761
SA 4100000 500 0.003513
BWT 4100000 500 0.006155
ST 4100000 500 0.000727
SA 4100000 500 0.003607
BWT 4100000 500 0.007402
ST 4100000 500 0.000835
SA 4100000 500 0.003723
BWT 4100000 500 0.006400
ST 4100000 500 0.000690
SA 4200000 100 0.002239
BWT 4200000 100 0.001435
ST 4200000 100 0.000483
SA 4200000 100 0.001771
BWT 4200000 100 0.001489
ST 4200000 100 0.000490
SA 4200000 100 0.002142
BWT 4200000 100 0.001509
ST 4200000 100 0.000597
SA 4200000 100 0.001864
BWT 4200000 100 0.001452
ST 4200000 100 0.000570
SA 4200000 100 0.001944
BWT 4200000 100 0.001510
ST 4200000 100 0.000507
SA 4200000 100 0.001829
BWT 4200000 100 0.002236
ST 4200000 100 0.000485
SA 4200000 100 0.001882
BWT 4200000 100 0.001351
ST 4200000 100 0.000627
SA 4200000 100 0.001958
BWT 4200000 100 0.001325
ST 4200000 100 0.000543
SA 4200000 100 0.002363
BWT 4200000 100 0.001524
ST 4200000 100 0.000486
SA 4200000 100 0.002100
BWT 4200000 100 0.001497
ST 4200000 100 0.000486
SA 4200000 200 0.002342
BWT 4200000 200 0.002711
ST 4200000 200 0.000578
SA 4200000 200 0.002456
BWT 4200000 200 0.003377
ST 4200000 200 0.000524
SA 4200000 200 0.002379
BWT 4200000 200 0.002545
ST 4200000 200 0.000554
SA 4200000 200 0.002426
BWT 4200000 200 0.002775
ST 4200000 200 0.000552
SA 4200000 200 0.002394
BWT 4200000 200 0.002572
ST 4200000 200 0.000550
SA 4200000 200 0.002397
BWT 4200000 200 0.003273
ST 4200000 200 0.000629
SA 4200000 200 0.002453
BWT 4200000 200 0.002591
ST 4200000 200 0.000552
SA 4200000 200 0.002252
BWT 4200000 200 0.003714
ST 4200000 200 0.000539
SA 4200000 200 0.002411
BWT 4200000 200 0.002710
ST 4200000 200 0.000573
SA 4200000 200 0.002228
BWT 4200000 200 0.003344
ST 4200000 200 0.000532
SA 4200000 300 0.002651
BWT 4200000 300 0.004637
ST 4200000 300 0.000584
SA 4200000 300 0.002830
BWT 4200000 300 0.004367
ST 4200000 300 0.000577
SA 4200000 300 0.002671
BWT 4200000 300 0.004182
ST 4200000 300 0.000729
SA 4200000 300 0.003190
BWT 4200000 300 0.004206
ST 4200000 300 0.000619
SA 4200000 300 0.002760
BWT 4200000 300 0.004830
ST 4200000 300 0.000577
SA 4200000 300 0.002812
BWT 4200000 300 0.004029
ST 4200000 300 0.000582
SA 4200000 300 0.003017
BWT 4200000 300 0.004586
ST 4200000 300 0.000576
SA 4200000 300 0.003109
BWT 4200000 300 0.003789
ST 4200000 300 0.000596
SA 4200000 300 0.002958
BWT 4200000 300 0.003863
ST 4200000 300 0.000704
SA 4200000 300 0.002905
BWT 4200000 300 0.004165
ST 4200000 300 0.000591
SA 4200000 400 0.003361
BWT 4200000 400 0.005553
ST 4200000 400 0.000662
SA 4200000 400 0.003501
BWT 4200000 400 0.005006
ST 4200000 400 0.000659
SA 4200000 400 0.003274
BWT 4200000 400 0.004832
ST 4200000 400 0.000708
SA 4200000 400 0.003318
BWT 4200000 400 0.005918
ST 4200000 400 0.000647
SA 4200000 400 0.003193
BWT 4200000 400 0.004924
ST 4200000 400 0.000639
SA 4200000 400 0.003318
BWT 4200000 400 0.004889
ST 4200000 400 0.000634
SA 4200000 400 0.003215
BWT 4200000 400 0.005129
ST 4200000 400 0.000635
SA 4200000 400 0.003985
BWT 4200000 400 0.006217
ST 4200000 400 0.000639
SA 4200000 400 0.003267
BWT 4200000 400 0.005642
ST 4200000 400 0.000632
SA 4200000 400 0.003169
BWT 4200000 400 0.005562
ST 4200000 400 0.000675
SA 4200000 500 0.003851
BWT 4200000 500 0.005960
ST 4200000 500 0.000680
SA 4200000 500 0.003621
BWT 4200000 500 0.006533
ST 4200000 500 0.000682
SA 4200000 500 0.003816
BWT 4200000 500 0.007462
ST 4200000 500 0.000908
SA 4200000 500 0.003765
BWT 4200000 500 0.006041
ST 4200000 500 0.000722
SA 4200000 500 0.003819
BWT 4200000 500 0.006379
ST 4200000 500 0.000702
SA 4200000 500 0.003734
BWT 4200000 500 0.006459
ST 4200000 500 0.000715
SA 4200000 500 0.003700
BWT 4200000 500 0.005980
ST 4200000 500 0.000676
SA 4200000 500 0.003630
BWT 4200000 500 0.006643
ST 4200000 500 0.000717
SA 4200000 500 0.003797
BWT 4200000 500 0.006040
ST 4200000 500 0.000686
SA 4200000 500 0.003840
BWT 4200000 500 0.006111
ST 4200000 500 0.000741
SA 4300000 100 0.001934
BWT 4300000 100 0.001645
ST 4300000 100 0.000491
SA 4300000 100 0.001990
BWT 4300000 100 0.001307
ST 4300000 100 0.000500
SA 4300000 100 0.001906
BWT 4300000 100 0.001283
ST 4300000 100 0.000556
SA 4300000 100 0.001858
BWT 4300000 100 0.001331
ST 4300000 100 0.000508
SA 4300000 100 0.001996
BWT 4300000 100 0.001357
ST 4300000 100 0.000494
SA 4300000 100 0.001891
BWT 4300000 100 0.001471
ST 4300000 100 0.000639
SA 4300000 100 0.002160
BWT 4300000 100 0.001793
ST 4300000 100 0.000512
SA 4300000 100 0.002046
BWT 4300000 100 0.001317
ST 4300000 100 0.000483
SA 4300000 100 0.001903
BWT 4300000 100 0.001513
ST 4300000 100 0.000568
SA 4300000 100 0.001972
BWT 4300000 100 0.001635
ST 4300000 100 0.000493
SA 4300000 200 0.002443
BWT 4300000 200 0.002992
ST 4300000 200 0.000540
SA 4300000 200 0.002553
BWT 4300000 200 0.002756
ST 4300000 200 0.000548
SA 4300000 200 0.002425
BWT 4300000 200 0.002637
ST 4300000 200 0.000536
SA 4300000 200 0.002423
BWT 4300000 200 0.003226
ST 4300000 200 0.000635
SA 4300000 200 0.002309
BWT 4300000 200 0.002630
ST 4300000 200 0.000585
SA 4300000 200 0.002508
BWT 4300000 200 0.002502
ST 4300000 200 0.000593
SA 4300000 200 0.002422
BWT 4300000 200 0.002587
ST 4300000 200 0.000520
SA 4300000 200 0.002480
BWT 4300000 200 0.002563
ST 4300000 200 0.000552
SA 4300000 200 0.002537
BWT 4300000 200 0.002962
ST 4300000 200 0.000541
SA 4300000 200 0.002326
BWT 4300000 200 0.002604
ST 4300000 200 0.000530
SA 4300000 300 0.002758
BWT 4300000 300 0.003844
ST 4300000 300 0.000580
SA 4300000 300 0.002796
BWT 4300000 300 0.003644
ST 4300000 300 0.000612
SA 4300000 300 0.002669
BWT 4300000 300 0.003894
ST 4300000 300 0.001348
SA 4300000 300 0.003097
BWT 4300000 300 0.005528
ST 4300000 300 0.000591
SA 4300000 300 0.002904
BWT 4300000 300 0.003827
ST 4300000 300 0.000600
SA 4300000 300 0.002804
BWT 4300000 300 0.003952
ST 4300000 300 0.000601
SA 4300000 300 0.002672
BWT 4300000 300 0.003962
ST 4300000 300 0.000589
SA 4300000 300 0.004396
BWT 4300000 300 0.004297
ST 4300000 300 0.000623
SA 4300000 300 0.002972
BWT 4300000 300 0.003691
ST 4300000 300 0.000598
SA 4300000 300 0.002815
BWT 4300000 300 0.003773
ST 4300000 300 0.000576
SA 4300000 400 0.003247
BWT 4300000 400 0.008528
ST 4300000 400 0.000649
SA 4300000 400 0.003322
BWT 4300000 400 0.004757
ST 4300000 400 0.000827
SA 4300000 400 0.003070
BWT 4300000 400 0.005946
ST 4300000 400 0.000602
SA 4300000 400 0.003405
BWT 4300000 400 0.005471
ST 4300000 400 0.000639
SA 4300000 400 0.003220
BWT 4300000 400 0.006406
ST 4300000 400 0.000656
SA 4300000 400 0.003345
BWT 4300000 400 0.004918
ST 4300000 400 0.000629
SA 4300000 400 0.003098
BWT 4300000 400 0.004982
ST 4300000 400 0.000634
SA 4300000 400 0.003132
BWT 4300000 400 0.004891
ST 4300000 400 0.000662
SA 4300000 400 0.003075
BWT 4300000 400 0.005279
ST 4300000 400 0.000631
SA 4300000 400 0.003075
BWT 4300000 400 0.005016
ST 4300000 400 0.000650
SA 4300000 500 0.003493
BWT 4300000 500 0.006130
ST 4300000 500 0.000733
SA 4300000 500 0.003685
BWT 4300000 500 0.006462
ST 4300000 500 0.000687
SA 4300000 500 0.003699
BWT 4300000 500 0.006270
ST 4300000 500 0.001887
SA 4300000 500 0.003525
BWT 4300000 500 0.007037
ST 4300000 500 0.000794
SA 4300000 500 0.003589
BWT 4300000 500 0.007813
ST 4300000 500 0.000710
SA 4300000 500 0.003570
BWT 4300000 500 0.007150
ST 4300000 500 0.000680
SA 4300000 500 0.003529
BWT 4300000 500 0.006887
ST 4300000 500 0.000679
SA 4300000 500 0.003522
BWT 4300000 500 0.006000
ST 4300000 500 0.000696
SA 4300000 500 0.003645
BWT 4300000 500 0.006468
ST 4300000 500 0.000710
SA 4300000 500 0.003539
BWT 4300000 500 0.006740
ST 4300000 500 0.000691
SA 4400000 100 0.001884
BWT 4400000 100 0.001584
ST 4400000 100 0.000503
SA 4400000 100 0.001998
BWT 4400000 100 0.001519
ST 4400000 100 0.000504
SA 4400000 100 0.001794
BWT 4400000 100 0.001326
ST 4400000 100 0.000513
SA 4400000 100 0.001934
BWT 4400000 100 0.001567
ST 4400000 100 0.000497
SA 4400000 100 0.001873
BWT 4400000 100 0.003207
ST 4400000 100 0.000564
SA 4400000 100 0.002404
BWT 4400000 100 0.001443
ST 4400000 100 0.000519
SA 4400000 100 0.001856
BWT 4400000 100 0.001377
ST 4400000 100 0.000602
SA 4400000 100 0.001924
BWT 4400000 100 0.001606
ST 4400000 100 0.000500
SA 4400000 100 0.001885
BWT 4400000 100 0.001487
ST 4400000 100 0.000542
SA 4400000 100 0.001884
BWT 4400000 100 0.001523
ST 4400000 100 0.000534
SA 4400000 200 0.002301
BWT 4400000 200 0.002598
ST 4400000 200 0.000556
SA 4400000 200 0.002413
BWT 4400000 200 0.002893
ST 4400000 200 0.000581
SA 4400000 200 0.002309
BWT 4400000 200 0.002673
ST 4400000 200 0.000553
SA 4400000 200 0.002551
BWT 4400000 200 0.002621
ST 4400000 200 0.000540
SA 4400000 200 0.002345
BWT 4400000 200 0.002573
ST 4400000 200 0.000669
SA 4400000 200 0.002832
BWT 4400000 200 0.003942
ST 4400000 200 0.000562
SA 4400000 200 0.002371
BWT 4400000 200 0.003697
ST 4400000 200 0.000547
SA 4400000 200 0.002437
BWT 4400000 200 0.002510
ST 4400000 200 0.000640
SA 4400000 200 0.002461
BWT 4400000 200 0.002809
ST 4400000 200 0.000539
SA 4400000 200 0.002429
BWT 4400000 200 0.002917
ST 4400000 200 0.000535
SA 4400000 300 0.002875
BWT 4400000 300 0.003947
ST 4400000 300 0.000643
SA 4400000 300 0.002852
BWT 4400000 300 0.003783
ST 4400000 300 0.000595
SA 4400000 300 0.002966
BWT 4400000 300 0.003716
ST 4400000 300 0.000598
SA 4400000 300 0.003318
BWT 4400000 300 0.003955
ST 4400000 300 0.000611
SA 4400000 300 0.002888
BWT 4400000 300 0.003695
ST 4400000 300 0.000649
SA 4400000 300 0.002814
BWT 4400000 300 0.003724
ST 4400000 300 0.000608
SA 4400000 300 0.002800
BWT 4400000 300 0.004075
ST 4400000 300 0.000608
SA 4400000 300 0.002808
BWT 4400000 300 0.004196
ST 4400000 300 0.000601
SA 4400000 300 0.002756
BWT 4400000 300 0.004220
ST 4400000 300 0.000661
SA 4400000 300 0.002848
BWT 4400000 300 0.003741
ST 4400000 300 0.000707
SA 4400000 400 0.003230
BWT 4400000 400 0.005247
ST 4400000 400 0.000644
SA 4400000 400 0.003220
BWT 4400000 400 0.005829
ST 4400000 400 0.000704
SA 4400000 400 0.003391
BWT 4400000 400 0.005156
ST 4400000 400 0.000645
SA 4400000 400 0.003270
BWT 4400000 400 0.004992
ST 4400000 400 0.000640
SA 4400000 400 0.003090
BWT 4400000 400 0.005033
ST 4400000 400 0.000652
SA 4400000 400 0.003618
BWT 4400000 400 0.005027
ST 4400000 400 0.000726
SA 4400000 400 0.003115
BWT 4400000 400 0.004970
ST 4400000 400 0.000633
SA 4400000 400 0.003249
BWT 4400000 400 0.005109
ST 4400000 400 0.000669
SA 4400000 400 0.003093
BWT 4400000 400 0.005168
ST 4400000 400 0.000697
SA 4400000 400 0.003103
BWT 4400000 400 0.005086
ST 4400000 400 0.000663
SA 4400000 500 0.003559
BWT 4400000 500 0.007503
ST 4400000 500 0.000742
SA 4400000 500 0.003654
BWT 4400000 500 0.006161
ST 4400000 500 0.000688
SA 4400000 500 0.003595
BWT 4400000 500 0.006128
ST 4400000 500 0.000696
SA 4400000 500 0.003697
BWT 4400000 500 0.006192
ST 4400000 500 0.000682
SA 4400000 500 0.003778
BWT 4400000 500 0.006126
ST 4400000 500 0.000752
SA 4400000 500 0.003809
BWT 4400000 500 0.007286
ST 4400000 500 0.000682
SA 4400000 500 0.003751
BWT 4400000 500 0.007961
ST 4400000 500 0.000681
SA 4400000 500 0.003694
BWT 4400000 500 0.006490
ST 4400000 500 0.000739
SA 4400000 500 0.003841
BWT 4400000 500 0.005925
ST 4400000 500 0.000681
SA 4400000 500 0.003736
BWT 4400000 500 0.005999
ST 4400000 500 0.000677
SA 4500000 100 0.001960
BWT 4500000 100 0.001408
ST 4500000 100 0.000492
SA 4500000 100 0.001974
BWT 4500000 100 0.001391
ST 4500000 100 0.000486
SA 4500000 100 0.001998
BWT 4500000 100 0.001553
ST 4500000 100 0.000484
SA 4500000 100 0.001975
BWT 4500000 100 0.001411
ST 4500000 100 0.000583
SA 4500000 100 0.002013
BWT 4500000 100 0.001361
ST 4500000 100 0.000488
SA 4500000 100 0.002066
BWT 4500000 100 0.001358
ST 4500000 100 0.000488
SA 4500000 100 0.001973
BWT 4500000 100 0.001350
ST 4500000 100 0.000479
SA 4500000 100 0.001975
BWT 4500000 100 0.001322
ST 4500000 100 0.000499
SA 4500000 100 0.001987
BWT 4500000 100 0.001294
ST 4500000 100 0.000462
SA 4500000 100 0.001882
BWT 4500000 100 0.001283
ST 4500000 100 0.000564
SA 4500000 200 0.002402
BWT 4500000 200 0.002474
ST 4500000 200 0.000542
SA 4500000 200 0.002506
BWT 4500000 200 0.002577
ST 4500000 200 0.000538
SA 4500000 200 0.002385
BWT 4500000 200 0.002553
ST 4500000 200 0.000528
SA 4500000 200 0.002410
BWT 4500000 200 0.002494
ST 4500000 200 0.000603
SA 4500000 200 0.002392
BWT 4500000 200 0.002565
ST 4500000 200 0.000600
SA 4500000 200 0.002431
BWT 4500000 200 0.002552
ST 4500000 200 0.000534
SA 4500000 200 0.002412
BWT 4500000 200 0.002654
ST 4500000 200 0.000599
SA 4500000 200 0.002396
BWT 4500000 200 0.002943
ST 4500000 200 0.000612
SA 4500000 200 0.002373
BWT 4500000 200 0.002531
ST 4500000 200 0.000571
SA 4500000 200 0.002405
BWT 4500000 200 0.002818
ST 4500000 200 0.000569
SA 4500000 300 0.002854
BWT 4500000 300 0.003710
ST 4500000 300 0.000629
SA 4500000 300 0.002716
BWT 4500000 300 0.003818
ST 4500000 300 0.000580
SA 4500000 300 0.002833
BWT 4500000 300 0.003621
ST 4500000 300 0.000593
SA 4500000 300 0.002809
BWT 4500000 300 0.003774
ST 4500000 300 0.000603
SA 4500000 300 0.002862
BWT 4500000 300 0.003888
ST 4500000 300 0.000581
SA 4500000 300 0.002821
BWT 4500000 300 0.003762
ST 4500000 300 0.000618
SA 4500000 300 0.002789
BWT 4500000 300 0.003831
ST 4500000 300 0.000609
SA 4500000 300 0.002883
BWT 4500000 300 0.003745
ST 4500000 300 0.000601
SA 4500000 300 0.002849
BWT 4500000 300 0.003605
ST 4500000 300 0.000633
SA 4500000 300 0.002863
BWT 4500000 300 0.003927
ST 4500000 300 0.000613
SA 4500000 400 0.003254
BWT 4500000 400 0.004902
ST 4500000 400 0.000694
SA 4500000 400 0.003214
BWT 4500000 400 0.005059
ST 4500000 400 0.000642
SA 4500000 400 0.003271
BWT 4500000 400 0.004953
ST 4500000 400 0.000635
SA 4500000 400 0.003149
BWT 4500000 400 0.005271
ST 4500000 400 0.000618
SA 4500000 400 0.003083
BWT 4500000 400 0.004890
ST 4500000 400 0.000647
SA 4500000 400 0.003428
BWT 4500000 400 0.004965
ST 4500000 400 0.000616
SA 4500000 400 0.003227
BWT 4500000 400 0.004916
ST 4500000 400 0.000644
SA 4500000 400 0.003258
BWT 4500000 400 0.006092
ST 4500000 400 0.000657
SA 4500000 400 0.003138
BWT 4500000 400 0.005609
ST 4500000 400 0.000677
SA 4500000 400 0.003365
BWT 4500000 400 0.006060
ST 4500000 400 0.000713
SA 4500000 500 0.003752
BWT 4500000 500 0.006764
ST 4500000 500 0.000717
SA 4500000 500 0.003739
BWT 4500000 500 0.007493
ST 4500000 500 0.000740
SA 4500000 500 0.003889
BWT 4500000 500 0.006310
ST 4500000 500 0.000689
SA 4500000 500 0.003807
BWT 4500000 500 0.006000
ST 4500000 500 0.000694
SA 4500000 500 0.003688
BWT 4500000 500 0.006153
ST 4500000 500 0.000742
SA 4500000 500 0.003574
BWT 4500000 500 0.006631
ST 4500000 500 0.000723
SA 4500000 500 0.003693
BWT 4500000 500 0.006368
ST 4500000 500 0.000746
SA 4500000 500 0.003805
BWT 4500000 500 0.006160
ST 4500000 500 0.000709
SA 4500000 500 0.003854
BWT 4500000 500 0.006319
ST 4500000 500 0.000742
SA 4500000 500 0.003731
BWT 4500000 500 0.006244
ST 4500000 500 0.000695
