SA 100 10 0.000076
BWT 100 10 0.000036
ST 100 10 0.000034
SA 100 10 0.000057
BWT 100 10 0.000034
ST 100 10 0.000030
SA 100 10 0.000057
BWT 100 10 0.000033
ST 100 10 0.000030
SA 100 10 0.000057
BWT 100 10 0.000033
ST 100 10 0.000031
SA 100 10 0.000056
BWT 100 10 0.000033
ST 100 10 0.000030
SA 100 10 0.000056
BWT 100 10 0.000033
ST 100 10 0.000030
SA 100 10 0.000056
BWT 100 10 0.000034
ST 100 10 0.000030
SA 100 10 0.000056
BWT 100 10 0.000033
ST 100 10 0.000030
SA 100 10 0.000056
BWT 100 10 0.000034
ST 100 10 0.000030
SA 100 10 0.000057
BWT 100 10 0.000033
ST 100 10 0.000030
SA 100 20 0.000075
BWT 100 20 0.000045
ST 100 20 0.000032
SA 100 20 0.000077
BWT 100 20 0.000044
ST 100 20 0.000033
SA 100 20 0.000076
BWT 100 20 0.000045
ST 100 20 0.000033
SA 100 20 0.000076
BWT 100 20 0.000047
ST 100 20 0.000033
SA 100 20 0.000077
BWT 100 20 0.000045
ST 100 20 0.000032
SA 100 20 0.000075
BWT 100 20 0.000045
ST 100 20 0.000032
SA 100 20 0.000077
BWT 100 20 0.000054
ST 100 20 0.000035
SA 100 20 0.000081
BWT 100 20 0.000048
ST 100 20 0.000035
SA 100 20 0.000081
BWT 100 20 0.000064
ST 100 20 0.000035
SA 100 20 0.000092
BWT 100 20 0.000051
ST 100 20 0.000035
SA 100 30 0.000102
BWT 100 30 0.000063
ST 100 30 0.000037
SA 100 30 0.000102
BWT 100 30 0.000064
ST 100 30 0.000037
SA 100 30 0.000102
BWT 100 30 0.000062
ST 100 30 0.000036
SA 100 30 0.000092
BWT 100 30 0.000057
ST 100 30 0.000034
SA 100 30 0.000092
BWT 100 30 0.000059
ST 100 30 0.000036
SA 100 30 0.000104
BWT 100 30 0.000057
ST 100 30 0.000037
SA 100 30 0.000100
BWT 100 30 0.000062
ST 100 30 0.000037
SA 100 30 0.000101
BWT 100 30 0.000062
ST 100 30 0.000037
SA 100 30 0.000100
BWT 100 30 0.000063
ST 100 30 0.000036
SA 100 30 0.000100
BWT 100 30 0.000062
ST 100 30 0.000036
SA 100 40 0.000120
BWT 100 40 0.000075
ST 100 40 0.000040
SA 100 40 0.000119
BWT 100 40 0.000113
ST 100 40 0.000040
SA 100 40 0.000182
BWT 100 40 0.000076
ST 100 40 0.000039
SA 100 40 0.000121
BWT 100 40 0.000076
ST 100 40 0.000039
SA 100 40 0.000127
BWT 100 40 0.000070
ST 100 40 0.000035
SA 100 40 0.000110
BWT 100 40 0.000069
ST 100 40 0.000036
SA 100 40 0.000110
BWT 100 40 0.000070
ST 100 40 0.000035
SA 100 40 0.000109
BWT 100 40 0.000069
ST 100 40 0.000035
SA 100 40 0.000110
BWT 100 40 0.000070
ST 100 40 0.000035
SA 100 40 0.000109
BWT 100 40 0.000071
ST 100 40 0.000036
SA 100 50 0.000128
BWT 100 50 0.000081
ST 100 50 0.000037
SA 100 50 0.000127
BWT 100 50 0.000101
ST 100 50 0.000037
SA 100 50 0.000126
BWT 100 50 0.000081
ST 100 50 0.000037
SA 100 50 0.000127
BWT 100 50 0.000082
ST 100 50 0.000037
SA 100 50 0.000127
BWT 100 50 0.000081
ST 100 50 0.000037
SA 100 50 0.000128
BWT 100 50 0.000080
ST 100 50 0.000037
SA 100 50 0.000127
BWT 100 50 0.000080
ST 100 50 0.000037
SA 100 50 0.000127
BWT 100 50 0.000080
ST 100 50 0.000037
SA 100 50 0.000127
BWT 100 50 0.000080
ST 100 50 0.000037
SA 100 50 0.000127
BWT 100 50 0.000081
ST 100 50 0.000038
SA 200 10 0.000059
BWT 200 10 0.000034
ST 200 10 0.000031
SA 200 10 0.000060
BWT 200 10 0.000033
ST 200 10 0.000051
SA 200 10 0.000099
BWT 200 10 0.000045
ST 200 10 0.000033
SA 200 10 0.000060
BWT 200 10 0.000033
ST 200 10 0.000040
SA 200 10 0.000060
BWT 200 10 0.000043
ST 200 10 0.000043
SA 200 10 0.000063
BWT 200 10 0.000044
ST 200 10 0.000034
SA 200 10 0.000065
BWT 200 10 0.000036
ST 200 10 0.000034
SA 200 10 0.000065
BWT 200 10 0.000035
ST 200 10 0.000054
SA 200 10 0.000067
BWT 200 10 0.000034
ST 200 10 0.000032
SA 200 10 0.000064
BWT 200 10 0.000034
ST 200 10 0.000031
SA 200 20 0.000087
BWT 200 20 0.000049
ST 200 20 0.000038
SA 200 20 0.000086
BWT 200 20 0.000057
ST 200 20 0.000042
SA 200 20 0.000078
BWT 200 20 0.000044
ST 200 20 0.000033
SA 200 20 0.000078
BWT 200 20 0.000045
ST 200 20 0.000033
SA 200 20 0.000077
BWT 200 20 0.000045
ST 200 20 0.000033
SA 200 20 0.000078
BWT 200 20 0.000045
ST 200 20 0.000033
SA 200 20 0.000077
BWT 200 20 0.000044
ST 200 20 0.000034
SA 200 20 0.000077
BWT 200 20 0.000045
ST 200 20 0.000033
SA 200 20 0.000077
BWT 200 20 0.000046
ST 200 20 0.000033
SA 200 20 0.000078
BWT 200 20 0.000045
ST 200 20 0.000033
SA 200 30 0.000096
BWT 200 30 0.000057
ST 200 30 0.000036
SA 200 30 0.000095
BWT 200 30 0.000057
ST 200 30 0.000036
SA 200 30 0.000096
BWT 200 30 0.000056
ST 200 30 0.000035
SA 200 30 0.000095
BWT 200 30 0.000056
ST 200 30 0.000035
SA 200 30 0.000096
BWT 200 30 0.000057
ST 200 30 0.000035
SA 200 30 0.000096
BWT 200 30 0.000057
ST 200 30 0.000035
SA 200 30 0.000096
BWT 200 30 0.000056
ST 200 30 0.000035
SA 200 30 0.000095
BWT 200 30 0.000057
ST 200 30 0.000035
SA 200 30 0.000096
BWT 200 30 0.000056
ST 200 30 0.000036
SA 200 30 0.000095
BWT 200 30 0.000057
ST 200 30 0.000036
SA 200 40 0.000113
BWT 200 40 0.000068
ST 200 40 0.000037
SA 200 40 0.000114
BWT 200 40 0.000067
ST 200 40 0.000037
SA 200 40 0.000115
BWT 200 40 0.000067
ST 200 40 0.000037
SA 200 40 0.000113
BWT 200 40 0.000068
ST 200 40 0.000038
SA 200 40 0.000115
BWT 200 40 0.000068
ST 200 40 0.000038
SA 200 40 0.000124
BWT 200 40 0.000068
ST 200 40 0.000038
SA 200 40 0.000116
BWT 200 40 0.000067
ST 200 40 0.000059
SA 200 40 0.000131
BWT 200 40 0.000074
ST 200 40 0.000040
SA 200 40 0.000125
BWT 200 40 0.000075
ST 200 40 0.000040
SA 200 40 0.000127
BWT 200 40 0.000076
ST 200 40 0.000040
SA 200 50 0.000147
BWT 200 50 0.000087
ST 200 50 0.000043
SA 200 50 0.000145
BWT 200 50 0.000090
ST 200 50 0.000057
SA 200 50 0.000157
BWT 200 50 0.000090
ST 200 50 0.000042
SA 200 50 0.000147
BWT 200 50 0.000090
ST 200 50 0.000041
SA 200 50 0.000145
BWT 200 50 0.000124
ST 200 50 0.000054
SA 200 50 0.000148
BWT 200 50 0.000089
ST 200 50 0.000044
SA 200 50 0.000147
BWT 200 50 0.000089
ST 200 50 0.000043
SA 200 50 0.000146
BWT 200 50 0.000095
ST 200 50 0.000040
SA 200 50 0.000136
BWT 200 50 0.000083
ST 200 50 0.000051
SA 200 50 0.000214
BWT 200 50 0.000082
ST 200 50 0.000039
SA 300 10 0.000063
BWT 300 10 0.000032
ST 300 10 0.000030
SA 300 10 0.000061
BWT 300 10 0.000032
ST 300 10 0.000029
SA 300 10 0.000063
BWT 300 10 0.000031
ST 300 10 0.000029
SA 300 10 0.000062
BWT 300 10 0.000031
ST 300 10 0.000029
SA 300 10 0.000061
BWT 300 10 0.000032
ST 300 10 0.000029
SA 300 10 0.000062
BWT 300 10 0.000031
ST 300 10 0.000029
SA 300 10 0.000062
BWT 300 10 0.000032
ST 300 10 0.000029
SA 300 10 0.000091
BWT 300 10 0.000041
ST 300 10 0.000030
SA 300 10 0.000062
BWT 300 10 0.000032
ST 300 10 0.000030
SA 300 10 0.000071
BWT 300 10 0.000042
ST 300 10 0.000029
SA 300 20 0.000103
BWT 300 20 0.000055
ST 300 20 0.000050
SA 300 20 0.000114
BWT 300 20 0.000059
ST 300 20 0.000065
SA 300 20 0.000094
BWT 300 20 0.000051
ST 300 20 0.000051
SA 300 20 0.000093
BWT 300 20 0.000050
ST 300 20 0.000035
SA 300 20 0.000093
BWT 300 20 0.000049
ST 300 20 0.000038
SA 300 20 0.000091
BWT 300 20 0.000053
ST 300 20 0.000033
SA 300 20 0.000082
BWT 300 20 0.000044
ST 300 20 0.000034
SA 300 20 0.000085
BWT 300 20 0.000044
ST 300 20 0.000034
SA 300 20 0.000083
BWT 300 20 0.000044
ST 300 20 0.000033
SA 300 20 0.000083
BWT 300 20 0.000044
ST 300 20 0.000044
SA 300 30 0.000100
BWT 300 30 0.000056
ST 300 30 0.000036
SA 300 30 0.000100
BWT 300 30 0.000056
ST 300 30 0.000037
SA 300 30 0.000101
BWT 300 30 0.000056
ST 300 30 0.000037
SA 300 30 0.000100
BWT 300 30 0.000056
ST 300 30 0.000036
SA 300 30 0.000102
BWT 300 30 0.000056
ST 300 30 0.000035
SA 300 30 0.000100
BWT 300 30 0.000056
ST 300 30 0.000035
SA 300 30 0.000101
BWT 300 30 0.000056
ST 300 30 0.000036
SA 300 30 0.000102
BWT 300 30 0.000056
ST 300 30 0.000036
SA 300 30 0.000114
BWT 300 30 0.000058
ST 300 30 0.000037
SA 300 30 0.000102
BWT 300 30 0.000056
ST 300 30 0.000036
SA 300 40 0.000117
BWT 300 40 0.000068
ST 300 40 0.000037
SA 300 40 0.000119
BWT 300 40 0.000069
ST 300 40 0.000038
SA 300 40 0.000118
BWT 300 40 0.000145
ST 300 40 0.000038
SA 300 40 0.000122
BWT 300 40 0.000069
ST 300 40 0.000038
SA 300 40 0.000119
BWT 300 40 0.000070
ST 300 40 0.000039
SA 300 40 0.000118
BWT 300 40 0.000069
ST 300 40 0.000038
SA 300 40 0.000176
BWT 300 40 0.000070
ST 300 40 0.000039
SA 300 40 0.000118
BWT 300 40 0.000089
ST 300 40 0.000041
SA 300 40 0.000140
BWT 300 40 0.000075
ST 300 40 0.000040
SA 300 40 0.000130
BWT 300 40 0.000075
ST 300 40 0.000039
SA 300 50 0.000150
BWT 300 50 0.000087
ST 300 50 0.000043
SA 300 50 0.000150
BWT 300 50 0.000087
ST 300 50 0.000044
SA 300 50 0.000150
BWT 300 50 0.000088
ST 300 50 0.000043
SA 300 50 0.000204
BWT 300 50 0.000091
ST 300 50 0.000053
SA 300 50 0.000153
BWT 300 50 0.000089
ST 300 50 0.000044
SA 300 50 0.000175
BWT 300 50 0.000090
ST 300 50 0.000044
SA 300 50 0.000151
BWT 300 50 0.000089
ST 300 50 0.000043
SA 300 50 0.000150
BWT 300 50 0.000089
ST 300 50 0.000039
SA 300 50 0.000136
BWT 300 50 0.000081
ST 300 50 0.000040
SA 300 50 0.000138
BWT 300 50 0.000080
ST 300 50 0.000040
SA 400 10 0.000066
BWT 400 10 0.000032
ST 400 10 0.000032
SA 400 10 0.000067
BWT 400 10 0.000032
ST 400 10 0.000034
SA 400 10 0.000067
BWT 400 10 0.000034
ST 400 10 0.000032
SA 400 10 0.000067
BWT 400 10 0.000033
ST 400 10 0.000033
SA 400 10 0.000066
BWT 400 10 0.000032
ST 400 10 0.000033
SA 400 10 0.000066
BWT 400 10 0.000034
ST 400 10 0.000032
SA 400 10 0.000066
BWT 400 10 0.000032
ST 400 10 0.000034
SA 400 10 0.000066
BWT 400 10 0.000036
ST 400 10 0.000034
SA 400 10 0.000067
BWT 400 10 0.000045
ST 400 10 0.000032
SA 400 10 0.000074
BWT 400 10 0.000037
ST 400 10 0.000036
SA 400 20 0.000095
BWT 400 20 0.000051
ST 400 20 0.000038
SA 400 20 0.000094
BWT 400 20 0.000050
ST 400 20 0.000038
SA 400 20 0.000094
BWT 400 20 0.000052
ST 400 20 0.000038
SA 400 20 0.000094
BWT 400 20 0.000051
ST 400 20 0.000038
SA 400 20 0.000094
BWT 400 20 0.000051
ST 400 20 0.000038
SA 400 20 0.000094
BWT 400 20 0.000051
ST 400 20 0.000037
SA 400 20 0.000095
BWT 400 20 0.000059
ST 400 20 0.000034
SA 400 20 0.000086
BWT 400 20 0.000045
ST 400 20 0.000045
SA 400 20 0.000095
BWT 400 20 0.000050
ST 400 20 0.000039
SA 400 20 0.000095
BWT 400 20 0.000050
ST 400 20 0.000038
SA 400 30 0.000114
BWT 400 30 0.000063
ST 400 30 0.000041
SA 400 30 0.000115
BWT 400 30 0.000057
ST 400 30 0.000037
SA 400 30 0.000119
BWT 400 30 0.000064
ST 400 30 0.000040
SA 400 30 0.000115
BWT 400 30 0.000064
ST 400 30 0.000041
SA 400 30 0.000117
BWT 400 30 0.000072
ST 400 30 0.000041
SA 400 30 0.000115
BWT 400 30 0.000057
ST 400 30 0.000038
SA 400 30 0.000104
BWT 400 30 0.000058
ST 400 30 0.000037
SA 400 30 0.000106
BWT 400 30 0.000063
ST 400 30 0.000040
SA 400 30 0.000130
BWT 400 30 0.000066
ST 400 30 0.000043
SA 400 30 0.000114
BWT 400 30 0.000064
ST 400 30 0.000041
SA 400 40 0.000133
BWT 400 40 0.000079
ST 400 40 0.000040
SA 400 40 0.000121
BWT 400 40 0.000091
ST 400 40 0.000043
SA 400 40 0.000142
BWT 400 40 0.000097
ST 400 40 0.000045
SA 400 40 0.000134
BWT 400 40 0.000077
ST 400 40 0.000042
SA 400 40 0.000147
BWT 400 40 0.000079
ST 400 40 0.000044
SA 400 40 0.000133
BWT 400 40 0.000076
ST 400 40 0.000043
SA 400 40 0.000135
BWT 400 40 0.000076
ST 400 40 0.000043
SA 400 40 0.000133
BWT 400 40 0.000077
ST 400 40 0.000043
SA 400 40 0.000134
BWT 400 40 0.000077
ST 400 40 0.000043
SA 400 40 0.000134
BWT 400 40 0.000076
ST 400 40 0.000103
SA 400 50 0.000168
BWT 400 50 0.000089
ST 400 50 0.000042
SA 400 50 0.000152
BWT 400 50 0.000088
ST 400 50 0.000042
SA 400 50 0.000152
BWT 400 50 0.000079
ST 400 50 0.000038
SA 400 50 0.000136
BWT 400 50 0.000079
ST 400 50 0.000038
SA 400 50 0.000137
BWT 400 50 0.000079
ST 400 50 0.000039
SA 400 50 0.000138
BWT 400 50 0.000079
ST 400 50 0.000038
SA 400 50 0.000150
BWT 400 50 0.000082
ST 400 50 0.000039
SA 400 50 0.000179
BWT 400 50 0.000083
ST 400 50 0.000053
SA 400 50 0.000171
BWT 400 50 0.000083
ST 400 50 0.000051
SA 400 50 0.000166
BWT 400 50 0.000114
ST 400 50 0.000048
SA 500 10 0.000068
BWT 500 10 0.000033
ST 500 10 0.000035
SA 500 10 0.000091
BWT 500 10 0.000035
ST 500 10 0.000034
SA 500 10 0.000073
BWT 500 10 0.000035
ST 500 10 0.000034
SA 500 10 0.000074
BWT 500 10 0.000035
ST 500 10 0.000031
SA 500 10 0.000068
BWT 500 10 0.000032
ST 500 10 0.000033
SA 500 10 0.000070
BWT 500 10 0.000032
ST 500 10 0.000031
SA 500 10 0.000071
BWT 500 10 0.000032
ST 500 10 0.000032
SA 500 10 0.000068
BWT 500 10 0.000033
ST 500 10 0.000032
SA 500 10 0.000069
BWT 500 10 0.000032
ST 500 10 0.000032
SA 500 10 0.000069
BWT 500 10 0.000031
ST 500 10 0.000032
SA 500 20 0.000090
BWT 500 20 0.000046
ST 500 20 0.000033
SA 500 20 0.000089
BWT 500 20 0.000046
ST 500 20 0.000033
SA 500 20 0.000103
BWT 500 20 0.000047
ST 500 20 0.000034
SA 500 20 0.000090
BWT 500 20 0.000047
ST 500 20 0.000034
SA 500 20 0.000089
BWT 500 20 0.000045
ST 500 20 0.000034
SA 500 20 0.000091
BWT 500 20 0.000046
ST 500 20 0.000034
SA 500 20 0.000090
BWT 500 20 0.000047
ST 500 20 0.000033
SA 500 20 0.000089
BWT 500 20 0.000046
ST 500 20 0.000033
SA 500 20 0.000090
BWT 500 20 0.000045
ST 500 20 0.000034
SA 500 20 0.000088
BWT 500 20 0.000046
ST 500 20 0.000033
SA 500 30 0.000108
BWT 500 30 0.000059
ST 500 30 0.000035
SA 500 30 0.000108
BWT 500 30 0.000057
ST 500 30 0.000036
SA 500 30 0.000106
BWT 500 30 0.000057
ST 500 30 0.000035
SA 500 30 0.000149
BWT 500 30 0.000069
ST 500 30 0.000037
SA 500 30 0.000107
BWT 500 30 0.000063
ST 500 30 0.000041
SA 500 30 0.000116
BWT 500 30 0.000063
ST 500 30 0.000040
SA 500 30 0.000117
BWT 500 30 0.000063
ST 500 30 0.000041
SA 500 30 0.000117
BWT 500 30 0.000057
ST 500 30 0.000037
SA 500 30 0.000107
BWT 500 30 0.000057
ST 500 30 0.000038
SA 500 30 0.000107
BWT 500 30 0.000057
ST 500 30 0.000037
SA 500 40 0.000124
BWT 500 40 0.000069
ST 500 40 0.000038
SA 500 40 0.000123
BWT 500 40 0.000069
ST 500 40 0.000040
SA 500 40 0.000124
BWT 500 40 0.000069
ST 500 40 0.000040
SA 500 40 0.000136
BWT 500 40 0.000069
ST 500 40 0.000040
SA 500 40 0.000123
BWT 500 40 0.000069
ST 500 40 0.000040
SA 500 40 0.000123
BWT 500 40 0.000069
ST 500 40 0.000040
SA 500 40 0.000123
BWT 500 40 0.000069
ST 500 40 0.000039
SA 500 40 0.000136
BWT 500 40 0.000071
ST 500 40 0.000041
SA 500 40 0.000124
BWT 500 40 0.000070
ST 500 40 0.000039
SA 500 40 0.000124
BWT 500 40 0.000069
ST 500 40 0.000039
SA 500 50 0.000143
BWT 500 50 0.000081
ST 500 50 0.000040
SA 500 50 0.000140
BWT 500 50 0.000080
ST 500 50 0.000040
SA 500 50 0.000141
BWT 500 50 0.000081
ST 500 50 0.000040
SA 500 50 0.000142
BWT 500 50 0.000080
ST 500 50 0.000040
SA 500 50 0.000141
BWT 500 50 0.000092
ST 500 50 0.000039
SA 500 50 0.000143
BWT 500 50 0.000080
ST 500 50 0.000039
SA 500 50 0.000142
BWT 500 50 0.000080
ST 500 50 0.000039
SA 500 50 0.000140
BWT 500 50 0.000080
ST 500 50 0.000038
SA 500 50 0.000140
BWT 500 50 0.000079
ST 500 50 0.000039
SA 500 50 0.000141
BWT 500 50 0.000080
ST 500 50 0.000038
SA 600 10 0.000069
BWT 600 10 0.000031
ST 600 10 0.000034
SA 600 10 0.000070
BWT 600 10 0.000031
ST 600 10 0.000033
SA 600 10 0.000089
BWT 600 10 0.000031
ST 600 10 0.000034
SA 600 10 0.000069
BWT 600 10 0.000032
ST 600 10 0.000033
SA 600 10 0.000070
BWT 600 10 0.000032
ST 600 10 0.000033
SA 600 10 0.000071
BWT 600 10 0.000031
ST 600 10 0.000034
SA 600 10 0.000069
BWT 600 10 0.000031
ST 600 10 0.000033
SA 600 10 0.000068
BWT 600 10 0.000031
ST 600 10 0.000034
SA 600 10 0.000071
BWT 600 10 0.000032
ST 600 10 0.000033
SA 600 10 0.000069
BWT 600 10 0.000031
ST 600 10 0.000033
SA 600 20 0.000089
BWT 600 20 0.000045
ST 600 20 0.000035
SA 600 20 0.000088
BWT 600 20 0.000044
ST 600 20 0.000035
SA 600 20 0.000089
BWT 600 20 0.000044
ST 600 20 0.000036
SA 600 20 0.000089
BWT 600 20 0.000044
ST 600 20 0.000036
SA 600 20 0.000089
BWT 600 20 0.000045
ST 600 20 0.000036
SA 600 20 0.000090
BWT 600 20 0.000045
ST 600 20 0.000035
SA 600 20 0.000089
BWT 600 20 0.000045
ST 600 20 0.000035
SA 600 20 0.000088
BWT 600 20 0.000044
ST 600 20 0.000036
SA 600 20 0.000089
BWT 600 20 0.000045
ST 600 20 0.000036
SA 600 20 0.000087
BWT 600 20 0.000046
ST 600 20 0.000035
SA 600 30 0.000106
BWT 600 30 0.000057
ST 600 30 0.000038
SA 600 30 0.000105
BWT 600 30 0.000056
ST 600 30 0.000039
SA 600 30 0.000106
BWT 600 30 0.000056
ST 600 30 0.000038
SA 600 30 0.000106
BWT 600 30 0.000057
ST 600 30 0.000037
SA 600 30 0.000107
BWT 600 30 0.000056
ST 600 30 0.000037
SA 600 30 0.000106
BWT 600 30 0.000056
ST 600 30 0.000037
SA 600 30 0.000141
BWT 600 30 0.000077
ST 600 30 0.000037
SA 600 30 0.000105
BWT 600 30 0.000056
ST 600 30 0.000038
SA 600 30 0.000107
BWT 600 30 0.000056
ST 600 30 0.000037
SA 600 30 0.000106
BWT 600 30 0.000056
ST 600 30 0.000038
SA 600 40 0.000127
BWT 600 40 0.000069
ST 600 40 0.000037
SA 600 40 0.000125
BWT 600 40 0.000068
ST 600 40 0.000038
SA 600 40 0.000126
BWT 600 40 0.000068
ST 600 40 0.000037
SA 600 40 0.000126
BWT 600 40 0.000069
ST 600 40 0.000057
SA 600 40 0.000156
BWT 600 40 0.000069
ST 600 40 0.000037
SA 600 40 0.000125
BWT 600 40 0.000068
ST 600 40 0.000036
SA 600 40 0.000126
BWT 600 40 0.000068
ST 600 40 0.000037
SA 600 40 0.000125
BWT 600 40 0.000067
ST 600 40 0.000037
SA 600 40 0.000125
BWT 600 40 0.000069
ST 600 40 0.000036
SA 600 40 0.000125
BWT 600 40 0.000068
ST 600 40 0.000036
SA 600 50 0.000141
BWT 600 50 0.000080
ST 600 50 0.000039
SA 600 50 0.000142
BWT 600 50 0.000079
ST 600 50 0.000039
SA 600 50 0.000142
BWT 600 50 0.000080
ST 600 50 0.000039
SA 600 50 0.000142
BWT 600 50 0.000081
ST 600 50 0.000042
SA 600 50 0.000142
BWT 600 50 0.000080
ST 600 50 0.000039
SA 600 50 0.000141
BWT 600 50 0.000079
ST 600 50 0.000039
SA 600 50 0.000143
BWT 600 50 0.000080
ST 600 50 0.000038
SA 600 50 0.000141
BWT 600 50 0.000079
ST 600 50 0.000039
SA 600 50 0.000142
BWT 600 50 0.000079
ST 600 50 0.000038
SA 600 50 0.000142
BWT 600 50 0.000119
ST 600 50 0.000061
SA 700 10 0.000074
BWT 700 10 0.000035
ST 700 10 0.000037
SA 700 10 0.000079
BWT 700 10 0.000034
ST 700 10 0.000039
SA 700 10 0.000079
BWT 700 10 0.000035
ST 700 10 0.000037
SA 700 10 0.000095
BWT 700 10 0.000038
ST 700 10 0.000039
SA 700 10 0.000078
BWT 700 10 0.000035
ST 700 10 0.000037
SA 700 10 0.000077
BWT 700 10 0.000035
ST 700 10 0.000037
SA 700 10 0.000070
BWT 700 10 0.000032
ST 700 10 0.000034
SA 700 10 0.000072
BWT 700 10 0.000032
ST 700 10 0.000034
SA 700 10 0.000071
BWT 700 10 0.000032
ST 700 10 0.000035
SA 700 10 0.000070
BWT 700 10 0.000033
ST 700 10 0.000033
SA 700 20 0.000093
BWT 700 20 0.000048
ST 700 20 0.000035
SA 700 20 0.000092
BWT 700 20 0.000047
ST 700 20 0.000036
SA 700 20 0.000092
BWT 700 20 0.000047
ST 700 20 0.000038
SA 700 20 0.000093
BWT 700 20 0.000047
ST 700 20 0.000036
SA 700 20 0.000093
BWT 700 20 0.000048
ST 700 20 0.000035
SA 700 20 0.000093
BWT 700 20 0.000047
ST 700 20 0.000036
SA 700 20 0.000093
BWT 700 20 0.000047
ST 700 20 0.000035
SA 700 20 0.000091
BWT 700 20 0.000048
ST 700 20 0.000035
SA 700 20 0.000093
BWT 700 20 0.000047
ST 700 20 0.000037
SA 700 20 0.000092
BWT 700 20 0.000047
ST 700 20 0.000037
SA 700 30 0.000111
BWT 700 30 0.000076
ST 700 30 0.000038
SA 700 30 0.000112
BWT 700 30 0.000057
ST 700 30 0.000037
SA 700 30 0.000111
BWT 700 30 0.000058
ST 700 30 0.000037
SA 700 30 0.000111
BWT 700 30 0.000058
ST 700 30 0.000037
SA 700 30 0.000108
BWT 700 30 0.000058
ST 700 30 0.000037
SA 700 30 0.000109
BWT 700 30 0.000057
ST 700 30 0.000039
SA 700 30 0.000109
BWT 700 30 0.000057
ST 700 30 0.000037
SA 700 30 0.000111
BWT 700 30 0.000058
ST 700 30 0.000038
SA 700 30 0.000109
BWT 700 30 0.000059
ST 700 30 0.000037
SA 700 30 0.000109
BWT 700 30 0.000057
ST 700 30 0.000039
SA 700 40 0.000128
BWT 700 40 0.000069
ST 700 40 0.000041
SA 700 40 0.000128
BWT 700 40 0.000069
ST 700 40 0.000040
SA 700 40 0.000127
BWT 700 40 0.000069
ST 700 40 0.000039
SA 700 40 0.000126
BWT 700 40 0.000069
ST 700 40 0.000040
SA 700 40 0.000127
BWT 700 40 0.000069
ST 700 40 0.000040
SA 700 40 0.000129
BWT 700 40 0.000070
ST 700 40 0.000040
SA 700 40 0.000129
BWT 700 40 0.000069
ST 700 40 0.000040
SA 700 40 0.000128
BWT 700 40 0.000069
ST 700 40 0.000040
SA 700 40 0.000156
BWT 700 40 0.000076
ST 700 40 0.000044
SA 700 40 0.000201
BWT 700 40 0.000083
ST 700 40 0.000042
SA 700 50 0.000163
BWT 700 50 0.000094
ST 700 50 0.000045
SA 700 50 0.000146
BWT 700 50 0.000085
ST 700 50 0.000040
SA 700 50 0.000146
BWT 700 50 0.000085
ST 700 50 0.000040
SA 700 50 0.000146
BWT 700 50 0.000085
ST 700 50 0.000039
SA 700 50 0.000146
BWT 700 50 0.000085
ST 700 50 0.000041
SA 700 50 0.000147
BWT 700 50 0.000095
ST 700 50 0.000039
SA 700 50 0.000146
BWT 700 50 0.000085
ST 700 50 0.000040
SA 700 50 0.000146
BWT 700 50 0.000085
ST 700 50 0.000039
SA 700 50 0.000147
BWT 700 50 0.000085
ST 700 50 0.000040
SA 700 50 0.000146
BWT 700 50 0.000085
ST 700 50 0.000040
SA 800 10 0.000073
BWT 800 10 0.000033
ST 800 10 0.000032
SA 800 10 0.000073
BWT 800 10 0.000033
ST 800 10 0.000032
SA 800 10 0.000074
BWT 800 10 0.000032
ST 800 10 0.000033
SA 800 10 0.000087
BWT 800 10 0.000037
ST 800 10 0.000033
SA 800 10 0.000074
BWT 800 10 0.000032
ST 800 10 0.000032
SA 800 10 0.000076
BWT 800 10 0.000033
ST 800 10 0.000034
SA 800 10 0.000073
BWT 800 10 0.000033
ST 800 10 0.000034
SA 800 10 0.000089
BWT 800 10 0.000032
ST 800 10 0.000035
SA 800 10 0.000073
BWT 800 10 0.000033
ST 800 10 0.000035
SA 800 10 0.000074
BWT 800 10 0.000032
ST 800 10 0.000034
SA 800 20 0.000095
BWT 800 20 0.000046
ST 800 20 0.000035
SA 800 20 0.000122
BWT 800 20 0.000047
ST 800 20 0.000034
SA 800 20 0.000092
BWT 800 20 0.000046
ST 800 20 0.000033
SA 800 20 0.000094
BWT 800 20 0.000046
ST 800 20 0.000035
SA 800 20 0.000092
BWT 800 20 0.000046
ST 800 20 0.000033
SA 800 20 0.000093
BWT 800 20 0.000047
ST 800 20 0.000034
SA 800 20 0.000095
BWT 800 20 0.000047
ST 800 20 0.000034
SA 800 20 0.000093
BWT 800 20 0.000046
ST 800 20 0.000034
SA 800 20 0.000094
BWT 800 20 0.000045
ST 800 20 0.000034
SA 800 20 0.000093
BWT 800 20 0.000046
ST 800 20 0.000033
SA 800 30 0.000111
BWT 800 30 0.000118
ST 800 30 0.000036
SA 800 30 0.000113
BWT 800 30 0.000057
ST 800 30 0.000036
SA 800 30 0.000111
BWT 800 30 0.000058
ST 800 30 0.000036
SA 800 30 0.000111
BWT 800 30 0.000057
ST 800 30 0.000036
SA 800 30 0.000110
BWT 800 30 0.000057
ST 800 30 0.000036
SA 800 30 0.000110
BWT 800 30 0.000058
ST 800 30 0.000035
SA 800 30 0.000111
BWT 800 30 0.000057
ST 800 30 0.000036
SA 800 30 0.000110
BWT 800 30 0.000058
ST 800 30 0.000036
SA 800 30 0.000130
BWT 800 30 0.000057
ST 800 30 0.000035
SA 800 30 0.000110
BWT 800 30 0.000057
ST 800 30 0.000035
SA 800 40 0.000129
BWT 800 40 0.000070
ST 800 40 0.000040
SA 800 40 0.000128
BWT 800 40 0.000070
ST 800 40 0.000040
SA 800 40 0.000128
BWT 800 40 0.000069
ST 800 40 0.000040
SA 800 40 0.000129
BWT 800 40 0.000068
ST 800 40 0.000039
SA 800 40 0.000139
BWT 800 40 0.000071
ST 800 40 0.000041
SA 800 40 0.000128
BWT 800 40 0.000073
ST 800 40 0.000039
SA 800 40 0.000128
BWT 800 40 0.000069
ST 800 40 0.000041
SA 800 40 0.000141
BWT 800 40 0.000069
ST 800 40 0.000039
SA 800 40 0.000130
BWT 800 40 0.000102
ST 800 40 0.000039
SA 800 40 0.000129
BWT 800 40 0.000069
ST 800 40 0.000040
SA 800 50 0.000148
BWT 800 50 0.000080
ST 800 50 0.000041
SA 800 50 0.000146
BWT 800 50 0.000081
ST 800 50 0.000041
SA 800 50 0.000146
BWT 800 50 0.000080
ST 800 50 0.000040
SA 800 50 0.000147
BWT 800 50 0.000081
ST 800 50 0.000041
SA 800 50 0.000145
BWT 800 50 0.000081
ST 800 50 0.000040
SA 800 50 0.000146
BWT 800 50 0.000081
ST 800 50 0.000042
SA 800 50 0.000146
BWT 800 50 0.000081
ST 800 50 0.000041
SA 800 50 0.000146
BWT 800 50 0.000082
ST 800 50 0.000041
SA 800 50 0.000147
BWT 800 50 0.000081
ST 800 50 0.000041
SA 800 50 0.000147
BWT 800 50 0.000080
ST 800 50 0.000042
SA 900 10 0.000071
BWT 900 10 0.000032
ST 900 10 0.000031
SA 900 10 0.000071
BWT 900 10 0.000042
ST 900 10 0.000032
SA 900 10 0.000072
BWT 900 10 0.000033
ST 900 10 0.000032
SA 900 10 0.000073
BWT 900 10 0.000032
ST 900 10 0.000031
SA 900 10 0.000073
BWT 900 10 0.000033
ST 900 10 0.000033
SA 900 10 0.000073
BWT 900 10 0.000034
ST 900 10 0.000032
SA 900 10 0.000072
BWT 900 10 0.000036
ST 900 10 0.000033
SA 900 10 0.000073
BWT 900 10 0.000033
ST 900 10 0.000031
SA 900 10 0.000073
BWT 900 10 0.000033
ST 900 10 0.000032
SA 900 10 0.000072
BWT 900 10 0.000032
ST 900 10 0.000031
SA 900 20 0.000096
BWT 900 20 0.000047
ST 900 20 0.000033
SA 900 20 0.000094
BWT 900 20 0.000048
ST 900 20 0.000035
SA 900 20 0.000095
BWT 900 20 0.000046
ST 900 20 0.000035
SA 900 20 0.000093
BWT 900 20 0.000046
ST 900 20 0.000034
SA 900 20 0.000093
BWT 900 20 0.000046
ST 900 20 0.000034
SA 900 20 0.000113
BWT 900 20 0.000046
ST 900 20 0.000035
SA 900 20 0.000093
BWT 900 20 0.000047
ST 900 20 0.000034
SA 900 20 0.000093
BWT 900 20 0.000047
ST 900 20 0.000034
SA 900 20 0.000094
BWT 900 20 0.000046
ST 900 20 0.000035
SA 900 20 0.000094
BWT 900 20 0.000046
ST 900 20 0.000034
SA 900 30 0.000111
BWT 900 30 0.000098
ST 900 30 0.000039
SA 900 30 0.000113
BWT 900 30 0.000056
ST 900 30 0.000038
SA 900 30 0.000112
BWT 900 30 0.000056
ST 900 30 0.000039
SA 900 30 0.000112
BWT 900 30 0.000057
ST 900 30 0.000038
SA 900 30 0.000111
BWT 900 30 0.000056
ST 900 30 0.000039
SA 900 30 0.000112
BWT 900 30 0.000056
ST 900 30 0.000038
SA 900 30 0.000114
BWT 900 30 0.000056
ST 900 30 0.000039
SA 900 30 0.000111
BWT 900 30 0.000056
ST 900 30 0.000037
SA 900 30 0.000111
BWT 900 30 0.000055
ST 900 30 0.000038
SA 900 30 0.000112
BWT 900 30 0.000056
ST 900 30 0.000038
SA 900 40 0.000131
BWT 900 40 0.000072
ST 900 40 0.000037
SA 900 40 0.000131
BWT 900 40 0.000100
ST 900 40 0.000041
SA 900 40 0.000132
BWT 900 40 0.000069
ST 900 40 0.000040
SA 900 40 0.000131
BWT 900 40 0.000069
ST 900 40 0.000040
SA 900 40 0.000132
BWT 900 40 0.000069
ST 900 40 0.000040
SA 900 40 0.000130
BWT 900 40 0.000069
ST 900 40 0.000039
SA 900 40 0.000130
BWT 900 40 0.000069
ST 900 40 0.000040
SA 900 40 0.000129
BWT 900 40 0.000069
ST 900 40 0.000041
SA 900 40 0.000153
BWT 900 40 0.000069
ST 900 40 0.000040
SA 900 40 0.000129
BWT 900 40 0.000069
ST 900 40 0.000040
SA 900 50 0.000149
BWT 900 50 0.000082
ST 900 50 0.000042
SA 900 50 0.000149
BWT 900 50 0.000081
ST 900 50 0.000042
SA 900 50 0.000148
BWT 900 50 0.000080
ST 900 50 0.000041
SA 900 50 0.000149
BWT 900 50 0.000080
ST 900 50 0.000043
SA 900 50 0.000148
BWT 900 50 0.000082
ST 900 50 0.000042
SA 900 50 0.000148
BWT 900 50 0.000081
ST 900 50 0.000043
SA 900 50 0.000149
BWT 900 50 0.000081
ST 900 50 0.000042
SA 900 50 0.000149
BWT 900 50 0.000082
ST 900 50 0.000042
SA 900 50 0.000146
BWT 900 50 0.000081
ST 900 50 0.000041
SA 900 50 0.000169
BWT 900 50 0.000081
ST 900 50 0.000042
SA 1000 10 0.000074
BWT 1000 10 0.000032
ST 1000 10 0.000031
SA 1000 10 0.000075
BWT 1000 10 0.000034
ST 1000 10 0.000032
SA 1000 10 0.000073
BWT 1000 10 0.000032
ST 1000 10 0.000032
SA 1000 10 0.000074
BWT 1000 10 0.000033
ST 1000 10 0.000031
SA 1000 10 0.000074
BWT 1000 10 0.000033
ST 1000 10 0.000031
SA 1000 10 0.000072
BWT 1000 10 0.000033
ST 1000 10 0.000032
SA 1000 10 0.000073
BWT 1000 10 0.000032
ST 1000 10 0.000031
SA 1000 10 0.000073
BWT 1000 10 0.000032
ST 1000 10 0.000032
SA 1000 10 0.000072
BWT 1000 10 0.000033
ST 1000 10 0.000032
SA 1000 10 0.000073
BWT 1000 10 0.000032
ST 1000 10 0.000033
SA 1000 20 0.000097
BWT 1000 20 0.000046
ST 1000 20 0.000034
SA 1000 20 0.000095
BWT 1000 20 0.000046
ST 1000 20 0.000035
SA 1000 20 0.000094
BWT 1000 20 0.000047
ST 1000 20 0.000034
SA 1000 20 0.000126
BWT 1000 20 0.000047
ST 1000 20 0.000034
SA 1000 20 0.000094
BWT 1000 20 0.000047
ST 1000 20 0.000034
SA 1000 20 0.000094
BWT 1000 20 0.000047
ST 1000 20 0.000034
SA 1000 20 0.000094
BWT 1000 20 0.000046
ST 1000 20 0.000034
SA 1000 20 0.000093
BWT 1000 20 0.000046
ST 1000 20 0.000034
SA 1000 20 0.000097
BWT 1000 20 0.000046
ST 1000 20 0.000035
SA 1000 20 0.000096
BWT 1000 20 0.000046
ST 1000 20 0.000034
SA 1000 30 0.000113
BWT 1000 30 0.000059
ST 1000 30 0.000036
SA 1000 30 0.000113
BWT 1000 30 0.000058
ST 1000 30 0.000035
SA 1000 30 0.000112
BWT 1000 30 0.000059
ST 1000 30 0.000037
SA 1000 30 0.000113
BWT 1000 30 0.000059
ST 1000 30 0.000036
SA 1000 30 0.000112
BWT 1000 30 0.000057
ST 1000 30 0.000037
SA 1000 30 0.000113
BWT 1000 30 0.000057
ST 1000 30 0.000054
SA 1000 30 0.000115
BWT 1000 30 0.000058
ST 1000 30 0.000037
SA 1000 30 0.000114
BWT 1000 30 0.000057
ST 1000 30 0.000037
SA 1000 30 0.000114
BWT 1000 30 0.000058
ST 1000 30 0.000036
SA 1000 30 0.000113
BWT 1000 30 0.000057
ST 1000 30 0.000036
SA 1000 40 0.000132
BWT 1000 40 0.000069
ST 1000 40 0.000041
SA 1000 40 0.000130
BWT 1000 40 0.000079
ST 1000 40 0.000041
SA 1000 40 0.000130
BWT 1000 40 0.000069
ST 1000 40 0.000041
SA 1000 40 0.000132
BWT 1000 40 0.000069
ST 1000 40 0.000040
SA 1000 40 0.000131
BWT 1000 40 0.000069
ST 1000 40 0.000041
SA 1000 40 0.000132
BWT 1000 40 0.000069
ST 1000 40 0.000041
SA 1000 40 0.000131
BWT 1000 40 0.000069
ST 1000 40 0.000040
SA 1000 40 0.000132
BWT 1000 40 0.000069
ST 1000 40 0.000041
SA 1000 40 0.000144
BWT 1000 40 0.000070
ST 1000 40 0.000040
SA 1000 40 0.000132
BWT 1000 40 0.000070
ST 1000 40 0.000040
SA 1000 50 0.000189
BWT 1000 50 0.000080
ST 1000 50 0.000042
SA 1000 50 0.000149
BWT 1000 50 0.000101
ST 1000 50 0.000042
SA 1000 50 0.000150
BWT 1000 50 0.000081
ST 1000 50 0.000042
SA 1000 50 0.000149
BWT 1000 50 0.000080
ST 1000 50 0.000062
SA 1000 50 0.000150
BWT 1000 50 0.000080
ST 1000 50 0.000042
SA 1000 50 0.000148
BWT 1000 50 0.000081
ST 1000 50 0.000042
SA 1000 50 0.000198
BWT 1000 50 0.000124
ST 1000 50 0.000042
SA 1000 50 0.000150
BWT 1000 50 0.000081
ST 1000 50 0.000041
SA 1000 50 0.000187
BWT 1000 50 0.000152
ST 1000 50 0.000041
SA 1000 50 0.000148
BWT 1000 50 0.000081
ST 1000 50 0.000041
