SA 3500000 100 0.002270
BWT 3500000 100 0.002092
ST 3500000 100 0.000487
SA 3500000 100 0.001724
BWT 3500000 100 0.002021
ST 3500000 100 0.000476
SA 3500000 100 0.001989
BWT 3500000 100 0.002145
ST 3500000 100 0.000484
SA 3500000 100 0.001723
BWT 3500000 100 0.002161
ST 3500000 100 0.000472
SA 3500000 100 0.002047
BWT 3500000 100 0.002036
ST 3500000 100 0.000508
SA 3500000 100 0.002121
BWT 3500000 100 0.002180
ST 3500000 100 0.000492
SA 3500000 100 0.002113
BWT 3500000 100 0.002555
ST 3500000 100 0.000471
SA 3500000 100 0.002015
BWT 3500000 100 0.002017
ST 3500000 100 0.000509
SA 3500000 100 0.002039
BWT 3500000 100 0.002225
ST 3500000 100 0.000476
SA 3500000 100 0.002019
BWT 3500000 100 0.001984
ST 3500000 100 0.000475
SA 3500000 200 0.002372
BWT 3500000 200 0.003745
ST 3500000 200 0.000501
SA 3500000 200 0.002371
BWT 3500000 200 0.003740
ST 3500000 200 0.000507
SA 3500000 200 0.002352
BWT 3500000 200 0.003793
ST 3500000 200 0.000502
SA 3500000 200 0.002363
BWT 3500000 200 0.003743
ST 3500000 200 0.000512
SA 3500000 200 0.002374
BWT 3500000 200 0.003752
ST 3500000 200 0.000500
SA 3500000 200 0.002365
BWT 3500000 200 0.003728
ST 3500000 200 0.000511
SA 3500000 200 0.002387
BWT 3500000 200 0.003812
ST 3500000 200 0.000511
SA 3500000 200 0.002385
BWT 3500000 200 0.003789
ST 3500000 200 0.000509
SA 3500000 200 0.002365
BWT 3500000 200 0.003763
ST 3500000 200 0.000506
SA 3500000 200 0.002108
BWT 3500000 200 0.003759
ST 3500000 200 0.000501
SA 3500000 300 0.002790
BWT 3500000 300 0.005609
ST 3500000 300 0.000540
SA 3500000 300 0.002760
BWT 3500000 300 0.005619
ST 3500000 300 0.000558
SA 3500000 300 0.002747
BWT 3500000 300 0.005599
ST 3500000 300 0.000546
SA 3500000 300 0.002773
BWT 3500000 300 0.005548
ST 3500000 300 0.000560
SA 3500000 300 0.002465
BWT 3500000 300 0.005523
ST 3500000 300 0.000546
SA 3500000 300 0.002811
BWT 3500000 300 0.005564
ST 3500000 300 0.000542
SA 3500000 300 0.002449
BWT 3500000 300 0.005642
ST 3500000 300 0.000549
SA 3500000 300 0.002810
BWT 3500000 300 0.005702
ST 3500000 300 0.000554
SA 3500000 300 0.002830
BWT 3500000 300 0.005532
ST 3500000 300 0.000545
SA 3500000 300 0.002791
BWT 3500000 300 0.005570
ST 3500000 300 0.000549
SA 3500000 400 0.003131
BWT 3500000 400 0.007441
ST 3500000 400 0.000588
SA 3500000 400 0.003122
BWT 3500000 400 0.007457
ST 3500000 400 0.000596
SA 3500000 400 0.003132
BWT 3500000 400 0.007417
ST 3500000 400 0.000582
SA 3500000 400 0.002853
BWT 3500000 400 0.007368
ST 3500000 400 0.000584
SA 3500000 400 0.003154
BWT 3500000 400 0.007418
ST 3500000 400 0.000587
SA 3500000 400 0.003223
BWT 3500000 400 0.007373
ST 3500000 400 0.000588
SA 3500000 400 0.003150
BWT 3500000 400 0.007582
ST 3500000 400 0.000592
SA 3500000 400 0.003270
BWT 3500000 400 0.007402
ST 3500000 400 0.000657
SA 3500000 400 0.002893
BWT 3500000 400 0.007630
ST 3500000 400 0.000590
SA 3500000 400 0.002858
BWT 3500000 400 0.007632
ST 3500000 400 0.000587
SA 3500000 500 0.003214
BWT 3500000 500 0.009057
ST 3500000 500 0.000640
SA 3500000 500 0.003522
BWT 3500000 500 0.009213
ST 3500000 500 0.000621
SA 3500000 500 0.003523
BWT 3500000 500 0.008995
ST 3500000 500 0.000644
SA 3500000 500 0.003612
BWT 3500000 500 0.009061
ST 3500000 500 0.000641
SA 3500000 500 0.003203
BWT 3500000 500 0.009407
ST 3500000 500 0.000639
SA 3500000 500 0.003548
BWT 3500000 500 0.009180
ST 3500000 500 0.000635
SA 3500000 500 0.003260
BWT 3500000 500 0.009035
ST 3500000 500 0.000625
SA 3500000 500 0.003583
BWT 3500000 500 0.009433
ST 3500000 500 0.000649
SA 3500000 500 0.003273
BWT 3500000 500 0.009262
ST 3500000 500 0.000652
SA 3500000 500 0.003270
BWT 3500000 500 0.009559
ST 3500000 500 0.000634
SA 3600000 100 0.001743
BWT 3600000 100 0.002006
ST 3600000 100 0.000520
SA 3600000 100 0.001741
BWT 3600000 100 0.002014
ST 3600000 100 0.000587
SA 3600000 100 0.002039
BWT 3600000 100 0.002023
ST 3600000 100 0.000463
SA 3600000 100 0.001732
BWT 3600000 100 0.001961
ST 3600000 100 0.000469
SA 3600000 100 0.002110
BWT 3600000 100 0.002000
ST 3600000 100 0.000468
SA 3600000 100 0.002001
BWT 3600000 100 0.001980
ST 3600000 100 0.000474
SA 3600000 100 0.001988
BWT 3600000 100 0.002035
ST 3600000 100 0.000471
SA 3600000 100 0.001745
BWT 3600000 100 0.002051
ST 3600000 100 0.000471
SA 3600000 100 0.001753
BWT 3600000 100 0.001961
ST 3600000 100 0.000467
SA 3600000 100 0.002102
BWT 3600000 100 0.002037
ST 3600000 100 0.000470
SA 3600000 200 0.002127
BWT 3600000 200 0.003889
ST 3600000 200 0.000514
SA 3600000 200 0.002127
BWT 3600000 200 0.003885
ST 3600000 200 0.000506
SA 3600000 200 0.002105
BWT 3600000 200 0.003915
ST 3600000 200 0.000504
SA 3600000 200 0.002103
BWT 3600000 200 0.003774
ST 3600000 200 0.000521
SA 3600000 200 0.002139
BWT 3600000 200 0.003738
ST 3600000 200 0.000506
SA 3600000 200 0.002135
BWT 3600000 200 0.003814
ST 3600000 200 0.000516
SA 3600000 200 0.002371
BWT 3600000 200 0.004105
ST 3600000 200 0.000608
SA 3600000 200 0.002154
BWT 3600000 200 0.003880
ST 3600000 200 0.000558
SA 3600000 200 0.002116
BWT 3600000 200 0.003762
ST 3600000 200 0.000502
SA 3600000 200 0.002128
BWT 3600000 200 0.003871
ST 3600000 200 0.000528
SA 3600000 300 0.002925
BWT 3600000 300 0.005654
ST 3600000 300 0.000675
SA 3600000 300 0.002985
BWT 3600000 300 0.005970
ST 3600000 300 0.000553
SA 3600000 300 0.002675
BWT 3600000 300 0.005884
ST 3600000 300 0.000603
SA 3600000 300 0.002707
BWT 3600000 300 0.007053
ST 3600000 300 0.000547
SA 3600000 300 0.002741
BWT 3600000 300 0.006014
ST 3600000 300 0.000590
SA 3600000 300 0.002752
BWT 3600000 300 0.005751
ST 3600000 300 0.000568
SA 3600000 300 0.002983
BWT 3600000 300 0.006133
ST 3600000 300 0.000567
SA 3600000 300 0.002875
BWT 3600000 300 0.005802
ST 3600000 300 0.000551
SA 3600000 300 0.002526
BWT 3600000 300 0.005683
ST 3600000 300 0.000559
SA 3600000 300 0.002645
BWT 3600000 300 0.005743
ST 3600000 300 0.000548
SA 3600000 400 0.003133
BWT 3600000 400 0.007521
ST 3600000 400 0.000606
SA 3600000 400 0.002864
BWT 3600000 400 0.007667
ST 3600000 400 0.000591
SA 3600000 400 0.002924
BWT 3600000 400 0.007662
ST 3600000 400 0.000631
SA 3600000 400 0.002848
BWT 3600000 400 0.007344
ST 3600000 400 0.000604
SA 3600000 400 0.003146
BWT 3600000 400 0.007454
ST 3600000 400 0.000596
SA 3600000 400 0.003127
BWT 3600000 400 0.007459
ST 3600000 400 0.000608
SA 3600000 400 0.003176
BWT 3600000 400 0.007914
ST 3600000 400 0.000592
SA 3600000 400 0.003199
BWT 3600000 400 0.007689
ST 3600000 400 0.000591
SA 3600000 400 0.002911
BWT 3600000 400 0.007442
ST 3600000 400 0.000606
SA 3600000 400 0.003053
BWT 3600000 400 0.007672
ST 3600000 400 0.000599
SA 3600000 500 0.003448
BWT 3600000 500 0.009548
ST 3600000 500 0.000646
SA 3600000 500 0.003345
BWT 3600000 500 0.009485
ST 3600000 500 0.000656
SA 3600000 500 0.003493
BWT 3600000 500 0.008996
ST 3600000 500 0.000628
SA 3600000 500 0.003234
BWT 3600000 500 0.009251
ST 3600000 500 0.000634
SA 3600000 500 0.003238
BWT 3600000 500 0.009592
ST 3600000 500 0.000642
SA 3600000 500 0.003248
BWT 3600000 500 0.009327
ST 3600000 500 0.000634
SA 3600000 500 0.003581
BWT 3600000 500 0.009517
ST 3600000 500 0.000633
SA 3600000 500 0.003278
BWT 3600000 500 0.009059
ST 3600000 500 0.000633
SA 3600000 500 0.003512
BWT 3600000 500 0.009080
ST 3600000 500 0.000850
SA 3600000 500 0.003239
BWT 3600000 500 0.009943
ST 3600000 500 0.000633
SA 3700000 100 0.001994
BWT 3700000 100 0.002365
ST 3700000 100 0.000519
SA 3700000 100 0.002019
BWT 3700000 100 0.002105
ST 3700000 100 0.000460
SA 3700000 100 0.001761
BWT 3700000 100 0.001979
ST 3700000 100 0.000485
SA 3700000 100 0.002055
BWT 3700000 100 0.002231
ST 3700000 100 0.000479
SA 3700000 100 0.001751
BWT 3700000 100 0.002017
ST 3700000 100 0.000476
SA 3700000 100 0.002006
BWT 3700000 100 0.002034
ST 3700000 100 0.000482
SA 3700000 100 0.001753
BWT 3700000 100 0.002324
ST 3700000 100 0.000474
SA 3700000 100 0.001747
BWT 3700000 100 0.002331
ST 3700000 100 0.000485
SA 3700000 100 0.002016
BWT 3700000 100 0.001970
ST 3700000 100 0.000472
SA 3700000 100 0.002086
BWT 3700000 100 0.001974
ST 3700000 100 0.000473
SA 3700000 200 0.002108
BWT 3700000 200 0.003753
ST 3700000 200 0.000514
SA 3700000 200 0.002548
BWT 3700000 200 0.003722
ST 3700000 200 0.000518
SA 3700000 200 0.002822
BWT 3700000 200 0.003839
ST 3700000 200 0.000524
SA 3700000 200 0.002469
BWT 3700000 200 0.003867
ST 3700000 200 0.000519
SA 3700000 200 0.002448
BWT 3700000 200 0.003876
ST 3700000 200 0.000513
SA 3700000 200 0.002397
BWT 3700000 200 0.003835
ST 3700000 200 0.000508
SA 3700000 200 0.002384
BWT 3700000 200 0.003850
ST 3700000 200 0.000506
SA 3700000 200 0.002127
BWT 3700000 200 0.004227
ST 3700000 200 0.000522
SA 3700000 200 0.002480
BWT 3700000 200 0.004238
ST 3700000 200 0.000514
SA 3700000 200 0.002398
BWT 3700000 200 0.003750
ST 3700000 200 0.000522
SA 3700000 300 0.002791
BWT 3700000 300 0.005736
ST 3700000 300 0.000551
SA 3700000 300 0.002546
BWT 3700000 300 0.005547
ST 3700000 300 0.000562
SA 3700000 300 0.002552
BWT 3700000 300 0.005610
ST 3700000 300 0.000559
SA 3700000 300 0.002537
BWT 3700000 300 0.005772
ST 3700000 300 0.000563
SA 3700000 300 0.002529
BWT 3700000 300 0.005686
ST 3700000 300 0.000551
SA 3700000 300 0.002537
BWT 3700000 300 0.005753
ST 3700000 300 0.000558
SA 3700000 300 0.002785
BWT 3700000 300 0.005709
ST 3700000 300 0.000555
SA 3700000 300 0.002514
BWT 3700000 300 0.005620
ST 3700000 300 0.000574
SA 3700000 300 0.002599
BWT 3700000 300 0.005961
ST 3700000 300 0.000570
SA 3700000 300 0.002545
BWT 3700000 300 0.005938
ST 3700000 300 0.000567
SA 3700000 400 0.003189
BWT 3700000 400 0.007695
ST 3700000 400 0.000602
SA 3700000 400 0.002872
BWT 3700000 400 0.007310
ST 3700000 400 0.000595
SA 3700000 400 0.002916
BWT 3700000 400 0.007528
ST 3700000 400 0.000591
SA 3700000 400 0.002908
BWT 3700000 400 0.007416
ST 3700000 400 0.000589
SA 3700000 400 0.002937
BWT 3700000 400 0.007681
ST 3700000 400 0.000606
SA 3700000 400 0.002983
BWT 3700000 400 0.007335
ST 3700000 400 0.000590
SA 3700000 400 0.003197
BWT 3700000 400 0.007655
ST 3700000 400 0.000588
SA 3700000 400 0.003236
BWT 3700000 400 0.007326
ST 3700000 400 0.000597
SA 3700000 400 0.002923
BWT 3700000 400 0.007476
ST 3700000 400 0.000603
SA 3700000 400 0.002916
BWT 3700000 400 0.007314
ST 3700000 400 0.000586
SA 3700000 500 0.003797
BWT 3700000 500 0.009359
ST 3700000 500 0.000650
SA 3700000 500 0.003344
BWT 3700000 500 0.009850
ST 3700000 500 0.000731
SA 3700000 500 0.003231
BWT 3700000 500 0.009380
ST 3700000 500 0.000639
SA 3700000 500 0.006233
BWT 3700000 500 0.014119
ST 3700000 500 0.001362
SA 3700000 500 0.007063
BWT 3700000 500 0.012085
ST 3700000 500 0.000876
SA 3700000 500 0.005097
BWT 3700000 500 0.010877
ST 3700000 500 0.000792
SA 3700000 500 0.004391
BWT 3700000 500 0.010410
ST 3700000 500 0.000758
SA 3700000 500 0.004424
BWT 3700000 500 0.009836
ST 3700000 500 0.000747
SA 3700000 500 0.004305
BWT 3700000 500 0.010042
ST 3700000 500 0.000750
SA 3700000 500 0.003867
BWT 3700000 500 0.010447
ST 3700000 500 0.000825
SA 3800000 100 0.002074
BWT 3800000 100 0.002266
ST 3800000 100 0.000478
SA 3800000 100 0.002164
BWT 3800000 100 0.002140
ST 3800000 100 0.000868
SA 3800000 100 0.003479
BWT 3800000 100 0.002951
ST 3800000 100 0.000666
SA 3800000 100 0.002577
BWT 3800000 100 0.002448
ST 3800000 100 0.000602
SA 3800000 100 0.002310
BWT 3800000 100 0.002270
ST 3800000 100 0.000551
SA 3800000 100 0.002314
BWT 3800000 100 0.002179
ST 3800000 100 0.000538
SA 3800000 100 0.002256
BWT 3800000 100 0.002189
ST 3800000 100 0.000515
SA 3800000 100 0.002337
BWT 3800000 100 0.002249
ST 3800000 100 0.000532
SA 3800000 100 0.001838
BWT 3800000 100 0.002119
ST 3800000 100 0.000512
SA 3800000 100 0.001789
BWT 3800000 100 0.002034
ST 3800000 100 0.000478
SA 3800000 200 0.002363
BWT 3800000 200 0.003961
ST 3800000 200 0.000527
SA 3800000 200 0.003108
BWT 3800000 200 0.004763
ST 3800000 200 0.000868
SA 3800000 200 0.004304
BWT 3800000 200 0.005433
ST 3800000 200 0.000717
SA 3800000 200 0.003322
BWT 3800000 200 0.004404
ST 3800000 200 0.000630
SA 3800000 200 0.002690
BWT 3800000 200 0.004274
ST 3800000 200 0.000605
SA 3800000 200 0.002525
BWT 3800000 200 0.004166
ST 3800000 200 0.000610
SA 3800000 200 0.002539
BWT 3800000 200 0.004145
ST 3800000 200 0.000572
SA 3800000 200 0.002269
BWT 3800000 200 0.004189
ST 3800000 200 0.000517
SA 3800000 200 0.002314
BWT 3800000 200 0.004651
ST 3800000 200 0.000585
SA 3800000 200 0.002576
BWT 3800000 200 0.003965
ST 3800000 200 0.000518
SA 3800000 300 0.003941
BWT 3800000 300 0.006760
ST 3800000 300 0.000740
SA 3800000 300 0.003617
BWT 3800000 300 0.006739
ST 3800000 300 0.000881
SA 3800000 300 0.004679
BWT 3800000 300 0.007654
ST 3800000 300 0.000813
SA 3800000 300 0.004117
BWT 3800000 300 0.006677
ST 3800000 300 0.000679
SA 3800000 300 0.003246
BWT 3800000 300 0.006432
ST 3800000 300 0.000637
SA 3800000 300 0.003297
BWT 3800000 300 0.006262
ST 3800000 300 0.000686
SA 3800000 300 0.003416
BWT 3800000 300 0.005802
ST 3800000 300 0.000557
SA 3800000 300 0.002801
BWT 3800000 300 0.006071
ST 3800000 300 0.000559
SA 3800000 300 0.002904
BWT 3800000 300 0.006245
ST 3800000 300 0.000642
SA 3800000 300 0.002766
BWT 3800000 300 0.006412
ST 3800000 300 0.000695
SA 3800000 400 0.004158
BWT 3800000 400 0.008362
ST 3800000 400 0.000783
SA 3800000 400 0.004221
BWT 3800000 400 0.008622
ST 3800000 400 0.000726
SA 3800000 400 0.003710
BWT 3800000 400 0.008338
ST 3800000 400 0.000685
SA 3800000 400 0.003433
BWT 3800000 400 0.007952
ST 3800000 400 0.000681
SA 3800000 400 0.003672
BWT 3800000 400 0.008118
ST 3800000 400 0.000669
SA 3800000 400 0.003433
BWT 3800000 400 0.008069
ST 3800000 400 0.000696
SA 3800000 400 0.003373
BWT 3800000 400 0.007447
ST 3800000 400 0.000612
SA 3800000 400 0.003390
BWT 3800000 400 0.007659
ST 3800000 400 0.000605
SA 3800000 400 0.003213
BWT 3800000 400 0.007626
ST 3800000 400 0.000615
SA 3800000 400 0.003990
BWT 3800000 400 0.009337
ST 3800000 400 0.001048
SA 3800000 500 0.006228
BWT 3800000 500 0.012146
ST 3800000 500 0.000905
SA 3800000 500 0.004834
BWT 3800000 500 0.010913
ST 3800000 500 0.000789
SA 3800000 500 0.004413
BWT 3800000 500 0.010306
ST 3800000 500 0.000746
SA 3800000 500 0.004299
BWT 3800000 500 0.010063
ST 3800000 500 0.000738
SA 3800000 500 0.004219
BWT 3800000 500 0.010257
ST 3800000 500 0.000786
SA 3800000 500 0.004440
BWT 3800000 500 0.009290
ST 3800000 500 0.000665
SA 3800000 500 0.003315
BWT 3800000 500 0.009716
ST 3800000 500 0.000699
SA 3800000 500 0.003764
BWT 3800000 500 0.009440
ST 3800000 500 0.000634
SA 3800000 500 0.003266
BWT 3800000 500 0.010908
ST 3800000 500 0.001106
SA 3800000 500 0.007054
BWT 3800000 500 0.012429
ST 3800000 500 0.000883
SA 3900000 100 0.002633
BWT 3900000 100 0.002396
ST 3900000 100 0.000547
SA 3900000 100 0.002381
BWT 3900000 100 0.002206
ST 3900000 100 0.000534
SA 3900000 100 0.002077
BWT 3900000 100 0.002160
ST 3900000 100 0.000507
SA 3900000 100 0.002286
BWT 3900000 100 0.002228
ST 3900000 100 0.000521
SA 3900000 100 0.002252
BWT 3900000 100 0.002291
ST 3900000 100 0.000550
SA 3900000 100 0.002473
BWT 3900000 100 0.002258
ST 3900000 100 0.000545
SA 3900000 100 0.002131
BWT 3900000 100 0.002261
ST 3900000 100 0.000528
SA 3900000 100 0.002303
BWT 3900000 100 0.002240
ST 3900000 100 0.000519
SA 3900000 100 0.002358
BWT 3900000 100 0.002175
ST 3900000 100 0.000535
SA 3900000 100 0.002356
BWT 3900000 100 0.002247
ST 3900000 100 0.000532
SA 3900000 200 0.002925
BWT 3900000 200 0.004230
ST 3900000 200 0.000587
SA 3900000 200 0.002867
BWT 3900000 200 0.004255
ST 3900000 200 0.000579
SA 3900000 200 0.003088
BWT 3900000 200 0.004269
ST 3900000 200 0.000626
SA 3900000 200 0.002894
BWT 3900000 200 0.004213
ST 3900000 200 0.000600
SA 3900000 200 0.002961
BWT 3900000 200 0.004305
ST 3900000 200 0.000596
SA 3900000 200 0.002869
BWT 3900000 200 0.004199
ST 3900000 200 0.000589
SA 3900000 200 0.002870
BWT 3900000 200 0.004269
ST 3900000 200 0.000600
SA 3900000 200 0.002888
BWT 3900000 200 0.004206
ST 3900000 200 0.000619
SA 3900000 200 0.002962
BWT 3900000 200 0.004229
ST 3900000 200 0.000629
SA 3900000 200 0.002776
BWT 3900000 200 0.004293
ST 3900000 200 0.000608
SA 3900000 300 0.003542
BWT 3900000 300 0.006281
ST 3900000 300 0.000659
SA 3900000 300 0.003529
BWT 3900000 300 0.006376
ST 3900000 300 0.000670
SA 3900000 300 0.003573
BWT 3900000 300 0.006444
ST 3900000 300 0.000702
SA 3900000 300 0.003737
BWT 3900000 300 0.006511
ST 3900000 300 0.000689
SA 3900000 300 0.003707
BWT 3900000 300 0.006564
ST 3900000 300 0.000692
SA 3900000 300 0.003664
BWT 3900000 300 0.006373
ST 3900000 300 0.000692
SA 3900000 300 0.003696
BWT 3900000 300 0.006455
ST 3900000 300 0.000665
SA 3900000 300 0.003590
BWT 3900000 300 0.006565
ST 3900000 300 0.000700
SA 3900000 300 0.003712
BWT 3900000 300 0.006492
ST 3900000 300 0.000715
SA 3900000 300 0.003674
BWT 3900000 300 0.006511
ST 3900000 300 0.000700
SA 3900000 400 0.004283
BWT 3900000 400 0.008549
ST 3900000 400 0.000765
SA 3900000 400 0.004228
BWT 3900000 400 0.008546
ST 3900000 400 0.000781
SA 3900000 400 0.004348
BWT 3900000 400 0.008910
ST 3900000 400 0.000803
SA 3900000 400 0.004535
BWT 3900000 400 0.008967
ST 3900000 400 0.000791
SA 3900000 400 0.004524
BWT 3900000 400 0.008857
ST 3900000 400 0.000786
SA 3900000 400 0.004481
BWT 3900000 400 0.008912
ST 3900000 400 0.000797
SA 3900000 400 0.004545
BWT 3900000 400 0.008876
ST 3900000 400 0.000792
SA 3900000 400 0.004503
BWT 3900000 400 0.008746
ST 3900000 400 0.000799
SA 3900000 400 0.004535
BWT 3900000 400 0.008873
ST 3900000 400 0.000811
SA 3900000 400 0.004210
BWT 3900000 400 0.008897
ST 3900000 400 0.000807
SA 3900000 500 0.005092
BWT 3900000 500 0.011019
ST 3900000 500 0.000866
SA 3900000 500 0.005059
BWT 3900000 500 0.010734
ST 3900000 500 0.000856
SA 3900000 500 0.004993
BWT 3900000 500 0.011241
ST 3900000 500 0.000905
SA 3900000 500 0.005385
BWT 3900000 500 0.011137
ST 3900000 500 0.000907
SA 3900000 500 0.005450
BWT 3900000 500 0.011420
ST 3900000 500 0.000909
SA 3900000 500 0.005406
BWT 3900000 500 0.011193
ST 3900000 500 0.000910
SA 3900000 500 0.005493
BWT 3900000 500 0.011154
ST 3900000 500 0.000918
SA 3900000 500 0.005114
BWT 3900000 500 0.011412
ST 3900000 500 0.000906
SA 3900000 500 0.005419
BWT 3900000 500 0.011431
ST 3900000 500 0.000925
SA 3900000 500 0.005605
BWT 3900000 500 0.011303
ST 3900000 500 0.000963
SA 4000000 100 0.002942
BWT 4000000 100 0.002447
ST 4000000 100 0.000653
SA 4000000 100 0.002847
BWT 4000000 100 0.002637
ST 4000000 100 0.000656
SA 4000000 100 0.003106
BWT 4000000 100 0.002520
ST 4000000 100 0.000689
SA 4000000 100 0.003043
BWT 4000000 100 0.002643
ST 4000000 100 0.000653
SA 4000000 100 0.002933
BWT 4000000 100 0.002625
ST 4000000 100 0.000652
SA 4000000 100 0.002961
BWT 4000000 100 0.002567
ST 4000000 100 0.000672
SA 4000000 100 0.002966
BWT 4000000 100 0.002627
ST 4000000 100 0.000696
SA 4000000 100 0.003064
BWT 4000000 100 0.002632
ST 4000000 100 0.000701
SA 4000000 100 0.003109
BWT 4000000 100 0.002628
ST 4000000 100 0.000688
SA 4000000 100 0.003124
BWT 4000000 100 0.002586
ST 4000000 100 0.000666
SA 4000000 200 0.003731
BWT 4000000 200 0.004837
ST 4000000 200 0.000749
SA 4000000 200 0.003767
BWT 4000000 200 0.004821
ST 4000000 200 0.000745
SA 4000000 200 0.003813
BWT 4000000 200 0.004845
ST 4000000 200 0.000770
SA 4000000 200 0.003618
BWT 4000000 200 0.004937
ST 4000000 200 0.000758
SA 4000000 200 0.003993
BWT 4000000 200 0.005140
ST 4000000 200 0.000805
SA 4000000 200 0.004392
BWT 4000000 200 0.005411
ST 4000000 200 0.000843
SA 4000000 200 0.004180
BWT 4000000 200 0.005161
ST 4000000 200 0.000827
SA 4000000 200 0.004184
BWT 4000000 200 0.005206
ST 4000000 200 0.000834
SA 4000000 200 0.004010
BWT 4000000 200 0.005330
ST 4000000 200 0.000830
SA 4000000 200 0.004223
BWT 4000000 200 0.005157
ST 4000000 200 0.000825
SA 4000000 300 0.005065
BWT 4000000 300 0.008015
ST 4000000 300 0.000959
SA 4000000 300 0.005277
BWT 4000000 300 0.007808
ST 4000000 300 0.000969
SA 4000000 300 0.005242
BWT 4000000 300 0.008176
ST 4000000 300 0.000949
SA 4000000 300 0.005220
BWT 4000000 300 0.007871
ST 4000000 300 0.000951
SA 4000000 300 0.005301
BWT 4000000 300 0.007878
ST 4000000 300 0.001001
SA 4000000 300 0.005538
BWT 4000000 300 0.008332
ST 4000000 300 0.001051
SA 4000000 300 0.006188
BWT 4000000 300 0.008946
ST 4000000 300 0.001119
SA 4000000 300 0.006128
BWT 4000000 300 0.008554
ST 4000000 300 0.001051
SA 4000000 300 0.005788
BWT 4000000 300 0.008332
ST 4000000 300 0.001039
SA 4000000 300 0.005484
BWT 4000000 300 0.008113
ST 4000000 300 0.001030
SA 4000000 400 0.006786
BWT 4000000 400 0.012302
ST 4000000 400 0.001240
SA 4000000 400 0.006998
BWT 4000000 400 0.011802
ST 4000000 400 0.001241
SA 4000000 400 0.007252
BWT 4000000 400 0.011815
ST 4000000 400 0.001228
SA 4000000 400 0.007354
BWT 4000000 400 0.011806
ST 4000000 400 0.001226
SA 4000000 400 0.006983
BWT 4000000 400 0.011808
ST 4000000 400 0.001293
SA 4000000 400 0.007685
BWT 4000000 400 0.012381
ST 4000000 400 0.001313
SA 4000000 400 0.007695
BWT 4000000 400 0.012230
ST 4000000 400 0.001312
SA 4000000 400 0.007779
BWT 4000000 400 0.012336
ST 4000000 400 0.001410
SA 4000000 400 0.008253
BWT 4000000 400 0.012852
ST 4000000 400 0.001372
SA 4000000 400 0.007678
BWT 4000000 400 0.012699
ST 4000000 400 0.001317
SA 4000000 500 0.008891
BWT 4000000 500 0.015221
ST 4000000 500 0.001516
SA 4000000 500 0.010385
BWT 4000000 500 0.016806
ST 4000000 500 0.001617
SA 4000000 500 0.010129
BWT 4000000 500 0.017318
ST 4000000 500 0.001521
SA 4000000 500 0.009385
BWT 4000000 500 0.016453
ST 4000000 500 0.001533
SA 4000000 500 0.009408
BWT 4000000 500 0.016265
ST 4000000 500 0.001520
SA 4000000 500 0.009453
BWT 4000000 500 0.016579
ST 4000000 500 0.001513
SA 4000000 500 0.009459
BWT 4000000 500 0.016289
ST 4000000 500 0.001532
SA 4000000 500 0.009418
BWT 4000000 500 0.016148
ST 4000000 500 0.001625
SA 4000000 500 0.010438
BWT 4000000 500 0.017798
ST 4000000 500 0.001735
SA 4000000 500 0.010907
BWT 4000000 500 0.018039
ST 4000000 500 0.001605
SA 4100000 100 0.005081
BWT 4100000 100 0.004124
ST 4100000 100 0.001205
SA 4100000 100 0.005508
BWT 4100000 100 0.004237
ST 4100000 100 0.001095
SA 4100000 100 0.004719
BWT 4100000 100 0.003748
ST 4100000 100 0.001073
SA 4100000 100 0.005354
BWT 4100000 100 0.003887
ST 4100000 100 0.001152
SA 4100000 100 0.005703
BWT 4100000 100 0.004255
ST 4100000 100 0.001090
SA 4100000 100 0.005063
BWT 4100000 100 0.003777
ST 4100000 100 0.001046
SA 4100000 100 0.004868
BWT 4100000 100 0.004127
ST 4100000 100 0.001210
SA 4100000 100 0.005510
BWT 4100000 100 0.004261
ST 4100000 100 0.001068
SA 4100000 100 0.005337
BWT 4100000 100 0.004129
ST 4100000 100 0.001152
SA 4100000 100 0.005412
BWT 4100000 100 0.004123
ST 4100000 100 0.001177
SA 4100000 200 0.007062
BWT 4100000 200 0.008023
ST 4100000 200 0.001491
SA 4100000 200 0.007646
BWT 4100000 200 0.008518
ST 4100000 200 0.001477
SA 4100000 200 0.007788
BWT 4100000 200 0.008512
ST 4100000 200 0.001467
SA 4100000 200 0.007416
BWT 4100000 200 0.008682
ST 4100000 200 0.001481
SA 4100000 200 0.007757
BWT 4100000 200 0.008564
ST 4100000 200 0.001462
SA 4100000 200 0.008052
BWT 4100000 200 0.008463
ST 4100000 200 0.001485
SA 4100000 200 0.008027
BWT 4100000 200 0.008660
ST 4100000 200 0.001505
SA 4100000 200 0.007764
BWT 4100000 200 0.008520
ST 4100000 200 0.001474
SA 4100000 200 0.007988
BWT 4100000 200 0.008266
ST 4100000 200 0.001474
SA 4100000 200 0.008041
BWT 4100000 200 0.008541
ST 4100000 200 0.001476
SA 4100000 300 0.009711
BWT 4100000 300 0.012725
ST 4100000 300 0.001888
SA 4100000 300 0.009753
BWT 4100000 300 0.012483
ST 4100000 300 0.001875
SA 4100000 300 0.010666
BWT 4100000 300 0.013532
ST 4100000 300 0.001945
SA 4100000 300 0.010669
BWT 4100000 300 0.013500
ST 4100000 300 0.001883
SA 4100000 300 0.010707
BWT 4100000 300 0.013525
ST 4100000 300 0.001872
SA 4100000 300 0.010636
BWT 4100000 300 0.013480
ST 4100000 300 0.001892
SA 4100000 300 0.010647
BWT 4100000 300 0.013571
ST 4100000 300 0.001858
SA 4100000 300 0.010913
BWT 4100000 300 0.013464
ST 4100000 300 0.001877
SA 4100000 300 0.010938
BWT 4100000 300 0.013540
ST 4100000 300 0.001943
SA 4100000 300 0.010913
BWT 4100000 300 0.013509
ST 4100000 300 0.001813
SA 4100000 400 0.013093
BWT 4100000 400 0.018199
ST 4100000 400 0.002105
SA 4100000 400 0.013035
BWT 4100000 400 0.017491
ST 4100000 400 0.002104
SA 4100000 400 0.012927
BWT 4100000 400 0.019023
ST 4100000 400 0.002074
SA 4100000 400 0.012751
BWT 4100000 400 0.017990
ST 4100000 400 0.002072
SA 4100000 400 0.012768
BWT 4100000 400 0.018280
ST 4100000 400 0.002067
SA 4100000 400 0.012593
BWT 4100000 400 0.017768
ST 4100000 400 0.002054
SA 4100000 400 0.012627
BWT 4100000 400 0.017864
ST 4100000 400 0.002074
SA 4100000 400 0.012683
BWT 4100000 400 0.017804
ST 4100000 400 0.002069
SA 4100000 400 0.012866
BWT 4100000 400 0.018286
ST 4100000 400 0.002080
SA 4100000 400 0.012985
BWT 4100000 400 0.017985
ST 4100000 400 0.002074
SA 4100000 500 0.014915
BWT 4100000 500 0.022347
ST 4100000 500 0.002324
SA 4100000 500 0.014958
BWT 4100000 500 0.022071
ST 4100000 500 0.002296
SA 4100000 500 0.014913
BWT 4100000 500 0.022321
ST 4100000 500 0.002282
SA 4100000 500 0.014984
BWT 4100000 500 0.022087
ST 4100000 500 0.002291
SA 4100000 500 0.015215
BWT 4100000 500 0.022070
ST 4100000 500 0.002294
SA 4100000 500 0.015301
BWT 4100000 500 0.022129
ST 4100000 500 0.002262
SA 4100000 500 0.014979
BWT 4100000 500 0.023428
ST 4100000 500 0.002353
SA 4100000 500 0.014969
BWT 4100000 500 0.022176
ST 4100000 500 0.002300
SA 4100000 500 0.014776
BWT 4100000 500 0.022504
ST 4100000 500 0.002286
SA 4100000 500 0.015059
BWT 4100000 500 0.022634
ST 4100000 500 0.002327
SA 4200000 100 0.007133
BWT 4200000 100 0.004945
ST 4200000 100 0.001411
SA 4200000 100 0.006974
BWT 4200000 100 0.004891
ST 4200000 100 0.001391
SA 4200000 100 0.007228
BWT 4200000 100 0.004701
ST 4200000 100 0.001503
SA 4200000 100 0.006888
BWT 4200000 100 0.005282
ST 4200000 100 0.001399
SA 4200000 100 0.006984
BWT 4200000 100 0.004797
ST 4200000 100 0.001431
SA 4200000 100 0.006965
BWT 4200000 100 0.004830
ST 4200000 100 0.001407
SA 4200000 100 0.006888
BWT 4200000 100 0.004815
ST 4200000 100 0.001375
SA 4200000 100 0.007390
BWT 4200000 100 0.005257
ST 4200000 100 0.001374
SA 4200000 100 0.006955
BWT 4200000 100 0.005254
ST 4200000 100 0.001387
SA 4200000 100 0.007030
BWT 4200000 100 0.004840
ST 4200000 100 0.001402
SA 4200000 200 0.008721
BWT 4200000 200 0.009982
ST 4200000 200 0.001617
SA 4200000 200 0.008627
BWT 4200000 200 0.009249
ST 4200000 200 0.001635
SA 4200000 200 0.008611
BWT 4200000 200 0.009313
ST 4200000 200 0.001637
SA 4200000 200 0.008845
BWT 4200000 200 0.011743
ST 4200000 200 0.001625
SA 4200000 200 0.009037
BWT 4200000 200 0.009372
ST 4200000 200 0.001643
SA 4200000 200 0.008890
BWT 4200000 200 0.009161
ST 4200000 200 0.001611
SA 4200000 200 0.009044
BWT 4200000 200 0.009171
ST 4200000 200 0.001611
SA 4200000 200 0.009020
BWT 4200000 200 0.009475
ST 4200000 200 0.001621
SA 4200000 200 0.008621
BWT 4200000 200 0.009138
ST 4200000 200 0.001621
SA 4200000 200 0.008964
BWT 4200000 200 0.009226
ST 4200000 200 0.001634
SA 4200000 300 0.011004
BWT 4200000 300 0.013597
ST 4200000 300 0.001853
SA 4200000 300 0.010804
BWT 4200000 300 0.013929
ST 4200000 300 0.001866
SA 4200000 300 0.011057
BWT 4200000 300 0.013654
ST 4200000 300 0.001845
SA 4200000 300 0.010877
BWT 4200000 300 0.013962
ST 4200000 300 0.001863
SA 4200000 300 0.011006
BWT 4200000 300 0.013260
ST 4200000 300 0.001850
SA 4200000 300 0.011030
BWT 4200000 300 0.013961
ST 4200000 300 0.001878
SA 4200000 300 0.011060
BWT 4200000 300 0.013579
ST 4200000 300 0.001855
SA 4200000 300 0.011316
BWT 4200000 300 0.013621
ST 4200000 300 0.001865
SA 4200000 300 0.010888
BWT 4200000 300 0.013820
ST 4200000 300 0.001854
SA 4200000 300 0.011020
BWT 4200000 300 0.013585
ST 4200000 300 0.001920
SA 4200000 400 0.012757
BWT 4200000 400 0.019418
ST 4200000 400 0.002083
SA 4200000 400 0.012848
BWT 4200000 400 0.017840
ST 4200000 400 0.002075
SA 4200000 400 0.012877
BWT 4200000 400 0.018440
ST 4200000 400 0.002076
SA 4200000 400 0.013085
BWT 4200000 400 0.017938
ST 4200000 400 0.002086
SA 4200000 400 0.013067
BWT 4200000 400 0.017737
ST 4200000 400 0.002085
SA 4200000 400 0.012775
BWT 4200000 400 0.018151
ST 4200000 400 0.002063
SA 4200000 400 0.012926
BWT 4200000 400 0.017850
ST 4200000 400 0.002091
SA 4200000 400 0.012877
BWT 4200000 400 0.017785
ST 4200000 400 0.002078
SA 4200000 400 0.013087
BWT 4200000 400 0.019595
ST 4200000 400 0.002087
SA 4200000 400 0.012635
BWT 4200000 400 0.018192
ST 4200000 400 0.002070
SA 4200000 500 0.015217
BWT 4200000 500 0.022605
ST 4200000 500 0.002305
SA 4200000 500 0.015239
BWT 4200000 500 0.023033
ST 4200000 500 0.002313
SA 4200000 500 0.015475
BWT 4200000 500 0.023167
ST 4200000 500 0.000652
SA 4200000 500 0.003785
BWT 4200000 500 0.009808
ST 4200000 500 0.000651
SA 4200000 500 0.003686
BWT 4200000 500 0.009863
ST 4200000 500 0.000646
SA 4200000 500 0.003692
BWT 4200000 500 0.011613
ST 4200000 500 0.000915
SA 4200000 500 0.005197
BWT 4200000 500 0.013574
ST 4200000 500 0.001165
SA 4200000 500 0.006543
BWT 4200000 500 0.011601
ST 4200000 500 0.000863
SA 4200000 500 0.005327
BWT 4200000 500 0.010878
ST 4200000 500 0.000772
SA 4200000 500 0.004598
BWT 4200000 500 0.010428
ST 4200000 500 0.000762
SA 4300000 100 0.002398
BWT 4300000 100 0.002298
ST 4300000 100 0.000593
SA 4300000 100 0.002600
BWT 4300000 100 0.002568
ST 4300000 100 0.000619
SA 4300000 100 0.002742
BWT 4300000 100 0.002489
ST 4300000 100 0.000648
SA 4300000 100 0.002760
BWT 4300000 100 0.002378
ST 4300000 100 0.000544
SA 4300000 100 0.002449
BWT 4300000 100 0.002335
ST 4300000 100 0.000548
SA 4300000 100 0.002434
BWT 4300000 100 0.002307
ST 4300000 100 0.000534
SA 4300000 100 0.002407
BWT 4300000 100 0.002304
ST 4300000 100 0.000568
SA 4300000 100 0.002445
BWT 4300000 100 0.002354
ST 4300000 100 0.000552
SA 4300000 100 0.002478
BWT 4300000 100 0.002389
ST 4300000 100 0.000549
SA 4300000 100 0.002469
BWT 4300000 100 0.002324
ST 4300000 100 0.000549
SA 4300000 200 0.002977
BWT 4300000 200 0.004433
ST 4300000 200 0.000600
SA 4300000 200 0.002952
BWT 4300000 200 0.004376
ST 4300000 200 0.000642
SA 4300000 200 0.003107
BWT 4300000 200 0.004564
ST 4300000 200 0.000636
SA 4300000 200 0.003107
BWT 4300000 200 0.004438
ST 4300000 200 0.000631
SA 4300000 200 0.003120
BWT 4300000 200 0.004575
ST 4300000 200 0.000632
SA 4300000 200 0.003067
BWT 4300000 200 0.004567
ST 4300000 200 0.000637
SA 4300000 200 0.003097
BWT 4300000 200 0.004505
ST 4300000 200 0.000632
SA 4300000 200 0.003087
BWT 4300000 200 0.004435
ST 4300000 200 0.000648
SA 4300000 200 0.003136
BWT 4300000 200 0.004418
ST 4300000 200 0.000653
SA 4300000 200 0.003171
BWT 4300000 200 0.004552
ST 4300000 200 0.000658
SA 4300000 300 0.004010
BWT 4300000 300 0.006733
ST 4300000 300 0.000720
SA 4300000 300 0.003895
BWT 4300000 300 0.006840
ST 4300000 300 0.000741
SA 4300000 300 0.003950
BWT 4300000 300 0.006836
ST 4300000 300 0.000761
SA 4300000 300 0.004067
BWT 4300000 300 0.006961
ST 4300000 300 0.000758
SA 4300000 300 0.004114
BWT 4300000 300 0.007267
ST 4300000 300 0.000750
SA 4300000 300 0.004042
BWT 4300000 300 0.007185
ST 4300000 300 0.000781
SA 4300000 300 0.004184
BWT 4300000 300 0.006999
ST 4300000 300 0.000739
SA 4300000 300 0.004089
BWT 4300000 300 0.007043
ST 4300000 300 0.000839
SA 4300000 300 0.003977
BWT 4300000 300 0.006935
ST 4300000 300 0.000739
SA 4300000 300 0.004095
BWT 4300000 300 0.007188
ST 4300000 300 0.000757
SA 4300000 400 0.004688
BWT 4300000 400 0.009463
ST 4300000 400 0.000848
SA 4300000 400 0.004883
BWT 4300000 400 0.009383
ST 4300000 400 0.000822
SA 4300000 400 0.004627
BWT 4300000 400 0.009491
ST 4300000 400 0.000827
SA 4300000 400 0.005023
BWT 4300000 400 0.009530
ST 4300000 400 0.000900
SA 4300000 400 0.005092
BWT 4300000 400 0.009695
ST 4300000 400 0.000881
SA 4300000 400 0.005103
BWT 4300000 400 0.009835
ST 4300000 400 0.000896
SA 4300000 400 0.005213
BWT 4300000 400 0.009623
ST 4300000 400 0.000920
SA 4300000 400 0.005363
BWT 4300000 400 0.009854
ST 4300000 400 0.000954
SA 4300000 400 0.005507
BWT 4300000 400 0.010061
ST 4300000 400 0.000959
SA 4300000 400 0.005478
BWT 4300000 400 0.010094
ST 4300000 400 0.000948
SA 4300000 500 0.006309
BWT 4300000 500 0.012449
ST 4300000 500 0.001000
SA 4300000 500 0.005852
BWT 4300000 500 0.012108
ST 4300000 500 0.001013
SA 4300000 500 0.006070
BWT 4300000 500 0.012388
ST 4300000 500 0.001084
SA 4300000 500 0.006328
BWT 4300000 500 0.012890
ST 4300000 500 0.001160
SA 4300000 500 0.007141
BWT 4300000 500 0.013170
ST 4300000 500 0.001069
SA 4300000 500 0.006759
BWT 4300000 500 0.012839
ST 4300000 500 0.001120
SA 4300000 500 0.006975
BWT 4300000 500 0.013271
ST 4300000 500 0.001069
SA 4300000 500 0.006647
BWT 4300000 500 0.012773
ST 4300000 500 0.001072
SA 4300000 500 0.006495
BWT 4300000 500 0.012995
ST 4300000 500 0.001122
SA 4300000 500 0.007134
BWT 4300000 500 0.013583
ST 4300000 500 0.001163
SA 4400000 100 0.003488
BWT 4400000 100 0.002926
ST 4400000 100 0.000810
SA 4400000 100 0.003360
BWT 4400000 100 0.003084
ST 4400000 100 0.000821
SA 4400000 100 0.003608
BWT 4400000 100 0.002925
ST 4400000 100 0.000765
SA 4400000 100 0.003463
BWT 4400000 100 0.002948
ST 4400000 100 0.000772
SA 4400000 100 0.003496
BWT 4400000 100 0.003065
ST 4400000 100 0.000791
SA 4400000 100 0.003523
BWT 4400000 100 0.003172
ST 4400000 100 0.000807
SA 4400000 100 0.003792
BWT 4400000 100 0.002991
ST 4400000 100 0.000824
SA 4400000 100 0.003823
BWT 4400000 100 0.003079
ST 4400000 100 0.000820
SA 4400000 100 0.003843
BWT 4400000 100 0.003120
ST 4400000 100 0.000813
SA 4400000 100 0.003748
BWT 4400000 100 0.003320
ST 4400000 100 0.000806
SA 4400000 200 0.005178
BWT 4400000 200 0.006571
ST 4400000 200 0.001054
SA 4400000 200 0.005420
BWT 4400000 200 0.006243
ST 4400000 200 0.001016
SA 4400000 200 0.004835
BWT 4400000 200 0.005855
ST 4400000 200 0.000946
SA 4400000 200 0.005145
BWT 4400000 200 0.006513
ST 4400000 200 0.001041
SA 4400000 200 0.005769
BWT 4400000 200 0.006562
ST 4400000 200 0.001054
SA 4400000 200 0.005118
BWT 4400000 200 0.006616
ST 4400000 200 0.001050
SA 4400000 200 0.005702
BWT 4400000 200 0.006745
ST 4400000 200 0.001233
SA 4400000 200 0.007141
BWT 4400000 200 0.007069
ST 4400000 200 0.001110
SA 4400000 200 0.005753
BWT 4400000 200 0.006663
ST 4400000 200 0.001108
SA 4400000 200 0.005436
BWT 4400000 200 0.006455
ST 4400000 200 0.001054
SA 4400000 300 0.007119
BWT 4400000 300 0.010023
ST 4400000 300 0.001256
SA 4400000 300 0.007126
BWT 4400000 300 0.010553
ST 4400000 300 0.001333
SA 4400000 300 0.007783
BWT 4400000 300 0.010559
ST 4400000 300 0.001430
SA 4400000 300 0.008073
BWT 4400000 300 0.012041
ST 4400000 300 0.001349
SA 4400000 300 0.007747
BWT 4400000 300 0.010557
ST 4400000 300 0.001342
SA 4400000 300 0.007255
BWT 4400000 300 0.010479
ST 4400000 300 0.001421
SA 4400000 300 0.008025
BWT 4400000 300 0.011919
ST 4400000 300 0.001587
SA 4400000 300 0.008129
BWT 4400000 300 0.011229
ST 4400000 300 0.001415
SA 4400000 300 0.007830
BWT 4400000 300 0.011011
ST 4400000 300 0.001421
SA 4400000 300 0.009168
BWT 4400000 300 0.012014
ST 4400000 300 0.001542
SA 4400000 400 0.010645
BWT 4400000 400 0.014680
ST 4400000 400 0.001600
SA 4400000 400 0.009796
BWT 4400000 400 0.014874
ST 4400000 400 0.001719
SA 4400000 400 0.010446
BWT 4400000 400 0.015415
ST 4400000 400 0.001734
SA 4400000 400 0.010791
BWT 4400000 400 0.015406
ST 4400000 400 0.001707
SA 4400000 400 0.010357
BWT 4400000 400 0.016041
ST 4400000 400 0.001738
SA 4400000 400 0.011231
BWT 4400000 400 0.016594
ST 4400000 400 0.001906
SA 4400000 400 0.011112
BWT 4400000 400 0.016747
ST 4400000 400 0.001870
SA 4400000 400 0.011144
BWT 4400000 400 0.016732
ST 4400000 400 0.001869
SA 4400000 400 0.011382
BWT 4400000 400 0.016759
ST 4400000 400 0.001864
SA 4400000 400 0.011655
BWT 4400000 400 0.016953
ST 4400000 400 0.002099
SA 4400000 500 0.014799
BWT 4400000 500 0.022477
ST 4400000 500 0.002324
SA 4400000 500 0.015070
BWT 4400000 500 0.022325
ST 4400000 500 0.002309
SA 4400000 500 0.015153
BWT 4400000 500 0.022397
ST 4400000 500 0.002293
SA 4400000 500 0.015163
BWT 4400000 500 0.022243
ST 4400000 500 0.002324
SA 4400000 500 0.015510
BWT 4400000 500 0.022773
ST 4400000 500 0.002319
SA 4400000 500 0.014709
BWT 4400000 500 0.022812
ST 4400000 500 0.002306
SA 4400000 500 0.015096
BWT 4400000 500 0.022445
ST 4400000 500 0.002342
SA 4400000 500 0.015080
BWT 4400000 500 0.024317
ST 4400000 500 0.002323
SA 4400000 500 0.014701
BWT 4400000 500 0.022772
ST 4400000 500 0.002334
SA 4400000 500 0.014731
BWT 4400000 500 0.022203
ST 4400000 500 0.002341
SA 4500000 100 0.006629
BWT 4500000 100 0.004929
ST 4500000 100 0.001399
SA 4500000 100 0.006758
BWT 4500000 100 0.004967
ST 4500000 100 0.001442
SA 4500000 100 0.006839
BWT 4500000 100 0.004896
ST 4500000 100 0.001496
SA 4500000 100 0.006944
BWT 4500000 100 0.005363
ST 4500000 100 0.001364
SA 4500000 100 0.006929
BWT 4500000 100 0.004750
ST 4500000 100 0.001407
SA 4500000 100 0.006735
BWT 4500000 100 0.004733
ST 4500000 100 0.001427
SA 4500000 100 0.007023
BWT 4500000 100 0.005405
ST 4500000 100 0.001392
SA 4500000 100 0.006670
BWT 4500000 100 0.004936
ST 4500000 100 0.001379
SA 4500000 100 0.006666
BWT 4500000 100 0.004926
ST 4500000 100 0.001442
SA 4500000 100 0.007030
BWT 4500000 100 0.004904
ST 4500000 100 0.001412
SA 4500000 200 0.008983
BWT 4500000 200 0.009854
ST 4500000 200 0.001634
SA 4500000 200 0.008997
BWT 4500000 200 0.009242
ST 4500000 200 0.001640
SA 4500000 200 0.008936
BWT 4500000 200 0.009702
ST 4500000 200 0.000534
SA 4500000 200 0.002549
BWT 4500000 200 0.003938
ST 4500000 200 0.000525
SA 4500000 200 0.002996
BWT 4500000 200 0.004480
ST 4500000 200 0.000741
SA 4500000 200 0.003465
BWT 4500000 200 0.004739
ST 4500000 200 0.000681
SA 4500000 200 0.004388
BWT 4500000 200 0.005518
ST 4500000 200 0.000885
SA 4500000 200 0.003924
BWT 4500000 200 0.004886
ST 4500000 200 0.000673
SA 4500000 200 0.003135
BWT 4500000 200 0.004501
ST 4500000 200 0.000649
SA 4500000 200 0.003044
BWT 4500000 200 0.003940
ST 4500000 200 0.000531
SA 4500000 300 0.002926
BWT 4500000 300 0.005756
ST 4500000 300 0.000592
SA 4500000 300 0.002915
BWT 4500000 300 0.005891
ST 4500000 300 0.000752
SA 4500000 300 0.005071
BWT 4500000 300 0.008262
ST 4500000 300 0.000818
SA 4500000 300 0.004172
BWT 4500000 300 0.006751
ST 4500000 300 0.000709
SA 4500000 300 0.003703
BWT 4500000 300 0.006385
ST 4500000 300 0.000658
SA 4500000 300 0.003368
BWT 4500000 300 0.006296
ST 4500000 300 0.000679
SA 4500000 300 0.003246
BWT 4500000 300 0.006380
ST 4500000 300 0.000567
SA 4500000 300 0.003051
BWT 4500000 300 0.006172
ST 4500000 300 0.000558
SA 4500000 300 0.002620
BWT 4500000 300 0.005888
ST 4500000 300 0.000728
SA 4500000 300 0.003841
BWT 4500000 300 0.007144
ST 4500000 300 0.000986
SA 4500000 400 0.005782
BWT 4500000 400 0.009445
ST 4500000 400 0.000823
SA 4500000 400 0.004667
BWT 4500000 400 0.008651
ST 4500000 400 0.000749
SA 4500000 400 0.004203
BWT 4500000 400 0.008163
ST 4500000 400 0.000719
SA 4500000 400 0.004055
BWT 4500000 400 0.009184
ST 4500000 400 0.000616
SA 4500000 400 0.003758
BWT 4500000 400 0.007827
ST 4500000 400 0.000619
SA 4500000 400 0.003017
BWT 4500000 400 0.007775
ST 4500000 400 0.000621
SA 4500000 400 0.004445
BWT 4500000 400 0.009049
ST 4500000 400 0.001131
SA 4500000 400 0.006070
BWT 4500000 400 0.009976
ST 4500000 400 0.000816
SA 4500000 400 0.004438
BWT 4500000 400 0.008740
ST 4500000 400 0.000723
SA 4500000 400 0.003997
BWT 4500000 400 0.008082
ST 4500000 400 0.000692
SA 4500000 500 0.004330
BWT 4500000 500 0.010334
ST 4500000 500 0.000756
SA 4500000 500 0.003403
BWT 4500000 500 0.009474
ST 4500000 500 0.000652
SA 4500000 500 0.003650
BWT 4500000 500 0.009718
ST 4500000 500 0.000674
SA 4500000 500 0.003374
BWT 4500000 500 0.011166
ST 4500000 500 0.000910
SA 4500000 500 0.006057
BWT 4500000 500 0.013934
ST 4500000 500 0.001016
SA 4500000 500 0.005581
BWT 4500000 500 0.011341
ST 4500000 500 0.000810
SA 4500000 500 0.004619
BWT 4500000 500 0.010480
ST 4500000 500 0.000772
SA 4500000 500 0.004500
BWT 4500000 500 0.010340
ST 4500000 500 0.000757
SA 4500000 500 0.004342
BWT 4500000 500 0.009995
ST 4500000 500 0.000657
SA 4500000 500 0.003655
BWT 4500000 500 0.009558
ST 4500000 500 0.000682
