SA 2000 100 0.000532
BWT 2000 100 0.000290
ST 2000 100 0.000114
SA 2000 100 0.000520
BWT 2000 100 0.000308
ST 2000 100 0.000120
SA 2000 100 0.000527
BWT 2000 100 0.000287
ST 2000 100 0.000109
SA 2000 100 0.000487
BWT 2000 100 0.000280
ST 2000 100 0.000108
SA 2000 100 0.000641
BWT 2000 100 0.000286
ST 2000 100 0.000117
SA 2000 100 0.000537
BWT 2000 100 0.000308
ST 2000 100 0.000119
SA 2000 100 0.000527
BWT 2000 100 0.000279
ST 2000 100 0.000107
SA 2000 100 0.000485
BWT 2000 100 0.000322
ST 2000 100 0.000163
SA 2000 100 0.000540
BWT 2000 100 0.000300
ST 2000 100 0.000107
SA 2000 100 0.000487
BWT 2000 100 0.000279
ST 2000 100 0.000107
SA 2000 200 0.000841
BWT 2000 200 0.000515
ST 2000 200 0.000146
SA 2000 200 0.000845
BWT 2000 200 0.000515
ST 2000 200 0.000146
SA 2000 200 0.000841
BWT 2000 200 0.000515
ST 2000 200 0.000190
SA 2000 200 0.001032
BWT 2000 200 0.000653
ST 2000 200 0.000170
SA 2000 200 0.000988
BWT 2000 200 0.000560
ST 2000 200 0.000142
SA 2000 200 0.001055
BWT 2000 200 0.000583
ST 2000 200 0.000167
SA 2000 200 0.000899
BWT 2000 200 0.000517
ST 2000 200 0.000145
SA 2000 200 0.000846
BWT 2000 200 0.000517
ST 2000 200 0.000145
SA 2000 200 0.000887
BWT 2000 200 0.000517
ST 2000 200 0.000148
SA 2000 200 0.000843
BWT 2000 200 0.000566
ST 2000 200 0.000165
SA 2000 300 0.001400
BWT 2000 300 0.000864
ST 2000 300 0.000181
SA 2000 300 0.001214
BWT 2000 300 0.000821
ST 2000 300 0.000182
SA 2000 300 0.001227
BWT 2000 300 0.001039
ST 2000 300 0.000266
SA 2000 300 0.001310
BWT 2000 300 0.000763
ST 2000 300 0.000186
SA 2000 300 0.001210
BWT 2000 300 0.000816
ST 2000 300 0.000186
SA 2000 300 0.001243
BWT 2000 300 0.000764
ST 2000 300 0.000185
SA 2000 300 0.001210
BWT 2000 300 0.000761
ST 2000 300 0.000185
SA 2000 300 0.001227
BWT 2000 300 0.000762
ST 2000 300 0.000185
SA 2000 300 0.001209
BWT 2000 300 0.000762
ST 2000 300 0.000185
SA 2000 300 0.001212
BWT 2000 300 0.000764
ST 2000 300 0.000184
SA 2000 400 0.001613
BWT 2000 400 0.001006
ST 2000 400 0.000220
SA 2000 400 0.001594
BWT 2000 400 0.001001
ST 2000 400 0.000222
SA 2000 400 0.001612
BWT 2000 400 0.001004
ST 2000 400 0.000220
SA 2000 400 0.001604
BWT 2000 400 0.001002
ST 2000 400 0.000220
SA 2000 400 0.001604
BWT 2000 400 0.001000
ST 2000 400 0.000221
SA 2000 400 0.001573
BWT 2000 400 0.000999
ST 2000 400 0.000220
SA 2000 400 0.001568
BWT 2000 400 0.001000
ST 2000 400 0.000252
SA 2000 400 0.001571
BWT 2000 400 0.001046
ST 2000 400 0.000221
SA 2000 400 0.001571
BWT 2000 400 0.001128
ST 2000 400 0.000242
SA 2000 400 0.001727
BWT 2000 400 0.001184
ST 2000 400 0.000255
SA 2000 500 0.001965
BWT 2000 500 0.001339
ST 2000 500 0.000418
SA 2000 500 0.001955
BWT 2000 500 0.001262
ST 2000 500 0.000265
SA 2000 500 0.001998
BWT 2000 500 0.001237
ST 2000 500 0.000264
SA 2000 500 0.002010
BWT 2000 500 0.001268
ST 2000 500 0.000259
SA 2000 500 0.001949
BWT 2000 500 0.001237
ST 2000 500 0.000260
SA 2000 500 0.001945
BWT 2000 500 0.001238
ST 2000 500 0.000261
SA 2000 500 0.001929
BWT 2000 500 0.001237
ST 2000 500 0.000260
SA 2000 500 0.001948
BWT 2000 500 0.001235
ST 2000 500 0.000260
SA 2000 500 0.002058
BWT 2000 500 0.001386
ST 2000 500 0.000278
SA 2000 500 0.001974
BWT 2000 500 0.001258
ST 2000 500 0.000260
SA 3000 100 0.000494
BWT 3000 100 0.000280
ST 3000 100 0.000106
SA 3000 100 0.000494
BWT 3000 100 0.000280
ST 3000 100 0.000106
SA 3000 100 0.000495
BWT 3000 100 0.000280
ST 3000 100 0.000105
SA 3000 100 0.000538
BWT 3000 100 0.000284
ST 3000 100 0.000105
SA 3000 100 0.000609
BWT 3000 100 0.000356
ST 3000 100 0.000107
SA 3000 100 0.000523
BWT 3000 100 0.000297
ST 3000 100 0.000106
SA 3000 100 0.000494
BWT 3000 100 0.000281
ST 3000 100 0.000105
SA 3000 100 0.000494
BWT 3000 100 0.000290
ST 3000 100 0.000105
SA 3000 100 0.000495
BWT 3000 100 0.000280
ST 3000 100 0.000105
SA 3000 100 0.000609
BWT 3000 100 0.000280
ST 3000 100 0.000105
SA 3000 200 0.001073
BWT 3000 200 0.000621
ST 3000 200 0.000167
SA 3000 200 0.001001
BWT 3000 200 0.000522
ST 3000 200 0.000149
SA 3000 200 0.000885
BWT 3000 200 0.000603
ST 3000 200 0.000150
SA 3000 200 0.000909
BWT 3000 200 0.000631
ST 3000 200 0.000150
SA 3000 200 0.000856
BWT 3000 200 0.000522
ST 3000 200 0.000147
SA 3000 200 0.000855
BWT 3000 200 0.000521
ST 3000 200 0.000149
SA 3000 200 0.000873
BWT 3000 200 0.000520
ST 3000 200 0.000149
SA 3000 200 0.000854
BWT 3000 200 0.000520
ST 3000 200 0.000149
SA 3000 200 0.000890
BWT 3000 200 0.000520
ST 3000 200 0.000149
SA 3000 200 0.000887
BWT 3000 200 0.000522
ST 3000 200 0.000148
SA 3000 300 0.001318
BWT 3000 300 0.000773
ST 3000 300 0.000183
SA 3000 300 0.001258
BWT 3000 300 0.000772
ST 3000 300 0.000366
SA 3000 300 0.001561
BWT 3000 300 0.000794
ST 3000 300 0.000187
SA 3000 300 0.001250
BWT 3000 300 0.000791
ST 3000 300 0.000190
SA 3000 300 0.001264
BWT 3000 300 0.000775
ST 3000 300 0.000183
SA 3000 300 0.001221
BWT 3000 300 0.000774
ST 3000 300 0.000184
SA 3000 300 0.001219
BWT 3000 300 0.000888
ST 3000 300 0.000184
SA 3000 300 0.001220
BWT 3000 300 0.000792
ST 3000 300 0.000182
SA 3000 300 0.001220
BWT 3000 300 0.000828
ST 3000 300 0.000204
SA 3000 300 0.001307
BWT 3000 300 0.000771
ST 3000 300 0.000186
SA 3000 400 0.001581
BWT 3000 400 0.001010
ST 3000 400 0.000224
SA 3000 400 0.001577
BWT 3000 400 0.001130
ST 3000 400 0.000247
SA 3000 400 0.001774
BWT 3000 400 0.001015
ST 3000 400 0.000222
SA 3000 400 0.001603
BWT 3000 400 0.001012
ST 3000 400 0.000229
SA 3000 400 0.001581
BWT 3000 400 0.001030
ST 3000 400 0.000228
SA 3000 400 0.001582
BWT 3000 400 0.001115
ST 3000 400 0.000229
SA 3000 400 0.001585
BWT 3000 400 0.001013
ST 3000 400 0.000229
SA 3000 400 0.001578
BWT 3000 400 0.001014
ST 3000 400 0.000229
SA 3000 400 0.001579
BWT 3000 400 0.001015
ST 3000 400 0.000228
SA 3000 400 0.001582
BWT 3000 400 0.001019
ST 3000 400 0.000226
SA 3000 500 0.001989
BWT 3000 500 0.001248
ST 3000 500 0.000269
SA 3000 500 0.002027
BWT 3000 500 0.001270
ST 3000 500 0.000268
SA 3000 500 0.001941
BWT 3000 500 0.001249
ST 3000 500 0.000268
SA 3000 500 0.001939
BWT 3000 500 0.001254
ST 3000 500 0.000268
SA 3000 500 0.001937
BWT 3000 500 0.001330
ST 3000 500 0.000268
SA 3000 500 0.001983
BWT 3000 500 0.001253
ST 3000 500 0.000269
SA 3000 500 0.001939
BWT 3000 500 0.001249
ST 3000 500 0.000326
SA 3000 500 0.001972
BWT 3000 500 0.001253
ST 3000 500 0.000265
SA 3000 500 0.001938
BWT 3000 500 0.001288
ST 3000 500 0.000267
SA 3000 500 0.001938
BWT 3000 500 0.001248
ST 3000 500 0.000265
SA 4000 100 0.000506
BWT 4000 100 0.000283
ST 4000 100 0.000105
SA 4000 100 0.000505
BWT 4000 100 0.000283
ST 4000 100 0.000105
SA 4000 100 0.000504
BWT 4000 100 0.000283
ST 4000 100 0.000104
SA 4000 100 0.000504
BWT 4000 100 0.000284
ST 4000 100 0.000105
SA 4000 100 0.000503
BWT 4000 100 0.000283
ST 4000 100 0.000104
SA 4000 100 0.000506
BWT 4000 100 0.000289
ST 4000 100 0.000105
SA 4000 100 0.000504
BWT 4000 100 0.000283
ST 4000 100 0.000105
SA 4000 100 0.000504
BWT 4000 100 0.000282
ST 4000 100 0.000104
SA 4000 100 0.000504
BWT 4000 100 0.000285
ST 4000 100 0.000106
SA 4000 100 0.000502
BWT 4000 100 0.000282
ST 4000 100 0.000104
SA 4000 200 0.000862
BWT 4000 200 0.000524
ST 4000 200 0.000155
SA 4000 200 0.000867
BWT 4000 200 0.000523
ST 4000 200 0.000148
SA 4000 200 0.000860
BWT 4000 200 0.000523
ST 4000 200 0.000148
SA 4000 200 0.000863
BWT 4000 200 0.000522
ST 4000 200 0.000178
SA 4000 200 0.000890
BWT 4000 200 0.000523
ST 4000 200 0.000147
SA 4000 200 0.000860
BWT 4000 200 0.000526
ST 4000 200 0.000146
SA 4000 200 0.000861
BWT 4000 200 0.000523
ST 4000 200 0.000149
SA 4000 200 0.000861
BWT 4000 200 0.000523
ST 4000 200 0.000146
SA 4000 200 0.000863
BWT 4000 200 0.000522
ST 4000 200 0.000147
SA 4000 200 0.000861
BWT 4000 200 0.000523
ST 4000 200 0.000147
SA 4000 300 0.001231
BWT 4000 300 0.000775
ST 4000 300 0.000186
SA 4000 300 0.001228
BWT 4000 300 0.000799
ST 4000 300 0.000187
SA 4000 300 0.001231
BWT 4000 300 0.000774
ST 4000 300 0.000186
SA 4000 300 0.001233
BWT 4000 300 0.000777
ST 4000 300 0.000187
SA 4000 300 0.001235
BWT 4000 300 0.000779
ST 4000 300 0.000185
SA 4000 300 0.001232
BWT 4000 300 0.000781
ST 4000 300 0.000187
SA 4000 300 0.001265
BWT 4000 300 0.000781
ST 4000 300 0.000187
SA 4000 300 0.001232
BWT 4000 300 0.000798
ST 4000 300 0.000186
SA 4000 300 0.001231
BWT 4000 300 0.000837
ST 4000 300 0.000185
SA 4000 300 0.001252
BWT 4000 300 0.000775
ST 4000 300 0.000187
SA 4000 400 0.001586
BWT 4000 400 0.001036
ST 4000 400 0.000225
SA 4000 400 0.001588
BWT 4000 400 0.001014
ST 4000 400 0.000226
SA 4000 400 0.001589
BWT 4000 400 0.001014
ST 4000 400 0.000224
SA 4000 400 0.001632
BWT 4000 400 0.001016
ST 4000 400 0.000225
SA 4000 400 0.001591
BWT 4000 400 0.001018
ST 4000 400 0.000226
SA 4000 400 0.001649
BWT 4000 400 0.001019
ST 4000 400 0.000227
SA 4000 400 0.001584
BWT 4000 400 0.001014
ST 4000 400 0.000226
SA 4000 400 0.001589
BWT 4000 400 0.001014
ST 4000 400 0.000227
SA 4000 400 0.001927
BWT 4000 400 0.001037
ST 4000 400 0.000229
SA 4000 400 0.001623
BWT 4000 400 0.001047
ST 4000 400 0.000223
SA 4000 500 0.001986
BWT 4000 500 0.001254
ST 4000 500 0.000264
SA 4000 500 0.001984
BWT 4000 500 0.001252
ST 4000 500 0.000266
SA 4000 500 0.001946
BWT 4000 500 0.001253
ST 4000 500 0.000265
SA 4000 500 0.001945
BWT 4000 500 0.001300
ST 4000 500 0.000264
SA 4000 500 0.001977
BWT 4000 500 0.001255
ST 4000 500 0.000264
SA 4000 500 0.001966
BWT 4000 500 0.001275
ST 4000 500 0.000264
SA 4000 500 0.001986
BWT 4000 500 0.001252
ST 4000 500 0.000275
SA 4000 500 0.001948
BWT 4000 500 0.001256
ST 4000 500 0.000263
SA 4000 500 0.001948
BWT 4000 500 0.001251
ST 4000 500 0.000266
SA 4000 500 0.001950
BWT 4000 500 0.001256
ST 4000 500 0.000265
SA 5000 100 0.000512
BWT 5000 100 0.000304
ST 5000 100 0.000114
SA 5000 100 0.000512
BWT 5000 100 0.000284
ST 5000 100 0.000114
SA 5000 100 0.000511
BWT 5000 100 0.000284
ST 5000 100 0.000114
SA 5000 100 0.000550
BWT 5000 100 0.000305
ST 5000 100 0.000112
SA 5000 100 0.000511
BWT 5000 100 0.000284
ST 5000 100 0.000112
SA 5000 100 0.000546
BWT 5000 100 0.000285
ST 5000 100 0.000112
SA 5000 100 0.000511
BWT 5000 100 0.000285
ST 5000 100 0.000112
SA 5000 100 0.000544
BWT 5000 100 0.000286
ST 5000 100 0.000112
SA 5000 100 0.000511
BWT 5000 100 0.000284
ST 5000 100 0.000112
SA 5000 100 0.000547
BWT 5000 100 0.000304
ST 5000 100 0.000113
SA 5000 200 0.000868
BWT 5000 200 0.000525
ST 5000 200 0.000153
SA 5000 200 0.000868
BWT 5000 200 0.000525
ST 5000 200 0.000153
SA 5000 200 0.000868
BWT 5000 200 0.000524
ST 5000 200 0.000153
SA 5000 200 0.000869
BWT 5000 200 0.000525
ST 5000 200 0.000153
SA 5000 200 0.000871
BWT 5000 200 0.000544
ST 5000 200 0.000152
SA 5000 200 0.000870
BWT 5000 200 0.000526
ST 5000 200 0.000152
SA 5000 200 0.000889
BWT 5000 200 0.000525
ST 5000 200 0.000153
SA 5000 200 0.000871
BWT 5000 200 0.000524
ST 5000 200 0.000153
SA 5000 200 0.000868
BWT 5000 200 0.000523
ST 5000 200 0.000151
SA 5000 200 0.000916
BWT 5000 200 0.000524
ST 5000 200 0.000152
SA 5000 300 0.001276
BWT 5000 300 0.000779
ST 5000 300 0.000187
SA 5000 300 0.001237
BWT 5000 300 0.000778
ST 5000 300 0.000189
SA 5000 300 0.001295
BWT 5000 300 0.000776
ST 5000 300 0.000188
SA 5000 300 0.001274
BWT 5000 300 0.000817
ST 5000 300 0.000188
SA 5000 300 0.001231
BWT 5000 300 0.000778
ST 5000 300 0.000187
SA 5000 300 0.001232
BWT 5000 300 0.000795
ST 5000 300 0.000187
SA 5000 300 0.001234
BWT 5000 300 0.000777
ST 5000 300 0.000186
SA 5000 300 0.001257
BWT 5000 300 0.000800
ST 5000 300 0.000188
SA 5000 300 0.001269
BWT 5000 300 0.000779
ST 5000 300 0.000186
SA 5000 300 0.001234
BWT 5000 300 0.000781
ST 5000 300 0.000186
SA 5000 400 0.001593
BWT 5000 400 0.001057
ST 5000 400 0.000227
SA 5000 400 0.001728
BWT 5000 400 0.001192
ST 5000 400 0.000235
SA 5000 400 0.001804
BWT 5000 400 0.001124
ST 5000 400 0.000317
SA 5000 400 0.001860
BWT 5000 400 0.001112
ST 5000 400 0.000235
SA 5000 400 0.001712
BWT 5000 400 0.001144
ST 5000 400 0.000229
SA 5000 400 0.001776
BWT 5000 400 0.001158
ST 5000 400 0.000303
SA 5000 400 0.001597
BWT 5000 400 0.001025
ST 5000 400 0.000233
SA 5000 400 0.001820
BWT 5000 400 0.001108
ST 5000 400 0.000331
SA 5000 400 0.001800
BWT 5000 400 0.001112
ST 5000 400 0.000254
SA 5000 400 0.001755
BWT 5000 400 0.001141
ST 5000 400 0.000229
SA 5000 500 0.002186
BWT 5000 500 0.001387
ST 5000 500 0.000270
SA 5000 500 0.002124
BWT 5000 500 0.001259
ST 5000 500 0.000267
SA 5000 500 0.001971
BWT 5000 500 0.001302
ST 5000 500 0.000282
SA 5000 500 0.001955
BWT 5000 500 0.001301
ST 5000 500 0.000270
SA 5000 500 0.001955
BWT 5000 500 0.001258
ST 5000 500 0.000268
SA 5000 500 0.002063
BWT 5000 500 0.001258
ST 5000 500 0.000267
SA 5000 500 0.001994
BWT 5000 500 0.001262
ST 5000 500 0.000287
SA 5000 500 0.001954
BWT 5000 500 0.001259
ST 5000 500 0.000267
SA 5000 500 0.002017
BWT 5000 500 0.001303
ST 5000 500 0.000267
SA 5000 500 0.001991
BWT 5000 500 0.001315
ST 5000 500 0.000361
SA 6000 100 0.000545
BWT 6000 100 0.000290
ST 6000 100 0.000114
SA 6000 100 0.000531
BWT 6000 100 0.000291
ST 6000 100 0.000114
SA 6000 100 0.000625
BWT 6000 100 0.000459
ST 6000 100 0.000117
SA 6000 100 0.000568
BWT 6000 100 0.000313
ST 6000 100 0.000112
SA 6000 100 0.000516
BWT 6000 100 0.000282
ST 6000 100 0.000112
SA 6000 100 0.000515
BWT 6000 100 0.000282
ST 6000 100 0.000113
SA 6000 100 0.000545
BWT 6000 100 0.000282
ST 6000 100 0.000170
SA 6000 100 0.000567
BWT 6000 100 0.000315
ST 6000 100 0.000112
SA 6000 100 0.000547
BWT 6000 100 0.000287
ST 6000 100 0.000109
SA 6000 100 0.000555
BWT 6000 100 0.000283
ST 6000 100 0.000109
SA 6000 200 0.000880
BWT 6000 200 0.000524
ST 6000 200 0.000154
SA 6000 200 0.000942
BWT 6000 200 0.000587
ST 6000 200 0.000155
SA 6000 200 0.000877
BWT 6000 200 0.000526
ST 6000 200 0.000152
SA 6000 200 0.000876
BWT 6000 200 0.000526
ST 6000 200 0.000151
SA 6000 200 0.000874
BWT 6000 200 0.000525
ST 6000 200 0.000151
SA 6000 200 0.000875
BWT 6000 200 0.000526
ST 6000 200 0.000150
SA 6000 200 0.000875
BWT 6000 200 0.000566
ST 6000 200 0.000150
SA 6000 200 0.000876
BWT 6000 200 0.000527
ST 6000 200 0.000150
SA 6000 200 0.000873
BWT 6000 200 0.000526
ST 6000 200 0.000151
SA 6000 200 0.000873
BWT 6000 200 0.000526
ST 6000 200 0.000152
SA 6000 300 0.001246
BWT 6000 300 0.000783
ST 6000 300 0.000194
SA 6000 300 0.001245
BWT 6000 300 0.000779
ST 6000 300 0.000196
SA 6000 300 0.001245
BWT 6000 300 0.000786
ST 6000 300 0.000194
SA 6000 300 0.001284
BWT 6000 300 0.000780
ST 6000 300 0.000196
SA 6000 300 0.001239
BWT 6000 300 0.000782
ST 6000 300 0.000196
SA 6000 300 0.001241
BWT 6000 300 0.000782
ST 6000 300 0.000196
SA 6000 300 0.001242
BWT 6000 300 0.000860
ST 6000 300 0.000213
SA 6000 300 0.001242
BWT 6000 300 0.000780
ST 6000 300 0.000270
SA 6000 300 0.001290
BWT 6000 300 0.000817
ST 6000 300 0.000194
SA 6000 300 0.001282
BWT 6000 300 0.000788
ST 6000 300 0.000196
SA 6000 400 0.001641
BWT 6000 400 0.001029
ST 6000 400 0.000233
SA 6000 400 0.001695
BWT 6000 400 0.001021
ST 6000 400 0.000235
SA 6000 400 0.001602
BWT 6000 400 0.001063
ST 6000 400 0.000233
SA 6000 400 0.001622
BWT 6000 400 0.001022
ST 6000 400 0.000233
SA 6000 400 0.001601
BWT 6000 400 0.001021
ST 6000 400 0.000234
SA 6000 400 0.001620
BWT 6000 400 0.001061
ST 6000 400 0.000288
SA 6000 400 0.001638
BWT 6000 400 0.001022
ST 6000 400 0.000233
SA 6000 400 0.001606
BWT 6000 400 0.001021
ST 6000 400 0.000233
SA 6000 400 0.001653
BWT 6000 400 0.001021
ST 6000 400 0.000234
SA 6000 400 0.001642
BWT 6000 400 0.001022
ST 6000 400 0.000235
SA 6000 500 0.001957
BWT 6000 500 0.001261
ST 6000 500 0.000274
SA 6000 500 0.001998
BWT 6000 500 0.001268
ST 6000 500 0.000269
SA 6000 500 0.001998
BWT 6000 500 0.001263
ST 6000 500 0.000274
SA 6000 500 0.001961
BWT 6000 500 0.001261
ST 6000 500 0.000274
SA 6000 500 0.001960
BWT 6000 500 0.001262
ST 6000 500 0.000274
SA 6000 500 0.001962
BWT 6000 500 0.001262
ST 6000 500 0.000274
SA 6000 500 0.001964
BWT 6000 500 0.001262
ST 6000 500 0.000275
SA 6000 500 0.002001
BWT 6000 500 0.001261
ST 6000 500 0.000274
SA 6000 500 0.002008
BWT 6000 500 0.001260
ST 6000 500 0.000274
SA 6000 500 0.001959
BWT 6000 500 0.001263
ST 6000 500 0.000274
SA 7000 100 0.000521
BWT 7000 100 0.000287
ST 7000 100 0.000116
SA 7000 100 0.000543
BWT 7000 100 0.000286
ST 7000 100 0.000117
SA 7000 100 0.000522
BWT 7000 100 0.000286
ST 7000 100 0.000118
SA 7000 100 0.000552
BWT 7000 100 0.000290
ST 7000 100 0.000116
SA 7000 100 0.000521
BWT 7000 100 0.000286
ST 7000 100 0.000117
SA 7000 100 0.000522
BWT 7000 100 0.000286
ST 7000 100 0.000116
SA 7000 100 0.000520
BWT 7000 100 0.000287
ST 7000 100 0.000117
SA 7000 100 0.000521
BWT 7000 100 0.000286
ST 7000 100 0.000117
SA 7000 100 0.000521
BWT 7000 100 0.000285
ST 7000 100 0.000117
SA 7000 100 0.000557
BWT 7000 100 0.000287
ST 7000 100 0.000117
SA 7000 200 0.000882
BWT 7000 200 0.000568
ST 7000 200 0.000155
SA 7000 200 0.000877
BWT 7000 200 0.000529
ST 7000 200 0.000155
SA 7000 200 0.000914
BWT 7000 200 0.000547
ST 7000 200 0.000157
SA 7000 200 0.000878
BWT 7000 200 0.000526
ST 7000 200 0.000156
SA 7000 200 0.000882
BWT 7000 200 0.000528
ST 7000 200 0.000155
SA 7000 200 0.000882
BWT 7000 200 0.000527
ST 7000 200 0.000157
SA 7000 200 0.000887
BWT 7000 200 0.000529
ST 7000 200 0.000157
SA 7000 200 0.000880
BWT 7000 200 0.000529
ST 7000 200 0.000156
SA 7000 200 0.000882
BWT 7000 200 0.000567
ST 7000 200 0.000155
SA 7000 200 0.000878
BWT 7000 200 0.000528
ST 7000 200 0.000156
SA 7000 300 0.001249
BWT 7000 300 0.000783
ST 7000 300 0.000243
SA 7000 300 0.001397
BWT 7000 300 0.000783
ST 7000 300 0.000192
SA 7000 300 0.001246
BWT 7000 300 0.000785
ST 7000 300 0.000193
SA 7000 300 0.001250
BWT 7000 300 0.000785
ST 7000 300 0.000191
SA 7000 300 0.001363
BWT 7000 300 0.000803
ST 7000 300 0.000192
SA 7000 300 0.001415
BWT 7000 300 0.000821
ST 7000 300 0.000210
SA 7000 300 0.001365
BWT 7000 300 0.000829
ST 7000 300 0.000216
SA 7000 300 0.001306
BWT 7000 300 0.000818
ST 7000 300 0.000197
SA 7000 300 0.001379
BWT 7000 300 0.000787
ST 7000 300 0.000191
SA 7000 300 0.001252
BWT 7000 300 0.000786
ST 7000 300 0.000195
SA 7000 400 0.001605
BWT 7000 400 0.001102
ST 7000 400 0.000237
SA 7000 400 0.001630
BWT 7000 400 0.001024
ST 7000 400 0.000236
SA 7000 400 0.001607
BWT 7000 400 0.001021
ST 7000 400 0.000235
SA 7000 400 0.001606
BWT 7000 400 0.001021
ST 7000 400 0.000237
SA 7000 400 0.001603
BWT 7000 400 0.001028
ST 7000 400 0.000232
SA 7000 400 0.001611
BWT 7000 400 0.001023
ST 7000 400 0.000230
SA 7000 400 0.001640
BWT 7000 400 0.001026
ST 7000 400 0.000231
SA 7000 400 0.001605
BWT 7000 400 0.001021
ST 7000 400 0.000230
SA 7000 400 0.001641
BWT 7000 400 0.001025
ST 7000 400 0.000281
SA 7000 400 0.001603
BWT 7000 400 0.001026
ST 7000 400 0.000230
SA 7000 500 0.002003
BWT 7000 500 0.001263
ST 7000 500 0.000270
SA 7000 500 0.002006
BWT 7000 500 0.001264
ST 7000 500 0.000270
SA 7000 500 0.001963
BWT 7000 500 0.001325
ST 7000 500 0.000270
SA 7000 500 0.001964
BWT 7000 500 0.001281
ST 7000 500 0.000269
SA 7000 500 0.001967
BWT 7000 500 0.001263
ST 7000 500 0.000268
SA 7000 500 0.001966
BWT 7000 500 0.001286
ST 7000 500 0.000270
SA 7000 500 0.002005
BWT 7000 500 0.001268
ST 7000 500 0.000270
SA 7000 500 0.001963
BWT 7000 500 0.001362
ST 7000 500 0.000348
SA 7000 500 0.002388
BWT 7000 500 0.001264
ST 7000 500 0.000275
SA 7000 500 0.002071
BWT 7000 500 0.001266
ST 7000 500 0.000274
SA 8000 100 0.000523
BWT 8000 100 0.000285
ST 8000 100 0.000111
SA 8000 100 0.000556
BWT 8000 100 0.000284
ST 8000 100 0.000111
SA 8000 100 0.000522
BWT 8000 100 0.000285
ST 8000 100 0.000111
SA 8000 100 0.000522
BWT 8000 100 0.000284
ST 8000 100 0.000114
SA 8000 100 0.000521
BWT 8000 100 0.000290
ST 8000 100 0.000112
SA 8000 100 0.000544
BWT 8000 100 0.000284
ST 8000 100 0.000111
SA 8000 100 0.000556
BWT 8000 100 0.000284
ST 8000 100 0.000112
SA 8000 100 0.000524
BWT 8000 100 0.000284
ST 8000 100 0.000113
SA 8000 100 0.000521
BWT 8000 100 0.000285
ST 8000 100 0.000111
SA 8000 100 0.000523
BWT 8000 100 0.000284
ST 8000 100 0.000111
SA 8000 200 0.000886
BWT 8000 200 0.000528
ST 8000 200 0.000151
SA 8000 200 0.000882
BWT 8000 200 0.000529
ST 8000 200 0.000150
SA 8000 200 0.000880
BWT 8000 200 0.000536
ST 8000 200 0.000150
SA 8000 200 0.000883
BWT 8000 200 0.000528
ST 8000 200 0.000151
SA 8000 200 0.000885
BWT 8000 200 0.000528
ST 8000 200 0.000151
SA 8000 200 0.000914
BWT 8000 200 0.000528
ST 8000 200 0.000151
SA 8000 200 0.000887
BWT 8000 200 0.000529
ST 8000 200 0.000152
SA 8000 200 0.000897
BWT 8000 200 0.000528
ST 8000 200 0.000151
SA 8000 200 0.000914
BWT 8000 200 0.000530
ST 8000 200 0.000150
SA 8000 200 0.000881
BWT 8000 200 0.000527
ST 8000 200 0.000151
SA 8000 300 0.001288
BWT 8000 300 0.000782
ST 8000 300 0.000193
SA 8000 300 0.001250
BWT 8000 300 0.000830
ST 8000 300 0.000194
SA 8000 300 0.001487
BWT 8000 300 0.000779
ST 8000 300 0.000194
SA 8000 300 0.001247
BWT 8000 300 0.000783
ST 8000 300 0.000193
SA 8000 300 0.001269
BWT 8000 300 0.000783
ST 8000 300 0.000193
SA 8000 300 0.001250
BWT 8000 300 0.000783
ST 8000 300 0.000191
SA 8000 300 0.001274
BWT 8000 300 0.000825
ST 8000 300 0.000193
SA 8000 300 0.001289
BWT 8000 300 0.000846
ST 8000 300 0.000193
SA 8000 300 0.001261
BWT 8000 300 0.000785
ST 8000 300 0.000193
SA 8000 300 0.001253
BWT 8000 300 0.000786
ST 8000 300 0.000193
SA 8000 400 0.001610
BWT 8000 400 0.001025
ST 8000 400 0.000233
SA 8000 400 0.001611
BWT 8000 400 0.001027
ST 8000 400 0.000231
SA 8000 400 0.001647
BWT 8000 400 0.001025
ST 8000 400 0.000232
SA 8000 400 0.001651
BWT 8000 400 0.001022
ST 8000 400 0.000230
SA 8000 400 0.001650
BWT 8000 400 0.001028
ST 8000 400 0.000231
SA 8000 400 0.001609
BWT 8000 400 0.001029
ST 8000 400 0.000231
SA 8000 400 0.001609
BWT 8000 400 0.001029
ST 8000 400 0.000232
SA 8000 400 0.001629
BWT 8000 400 0.001028
ST 8000 400 0.000232
SA 8000 400 0.001651
BWT 8000 400 0.001026
ST 8000 400 0.000230
SA 8000 400 0.001665
BWT 8000 400 0.001023
ST 8000 400 0.000232
SA 8000 500 0.001968
BWT 8000 500 0.001274
ST 8000 500 0.000276
SA 8000 500 0.002009
BWT 8000 500 0.001269
ST 8000 500 0.000276
SA 8000 500 0.001970
BWT 8000 500 0.001268
ST 8000 500 0.000276
SA 8000 500 0.001996
BWT 8000 500 0.001289
ST 8000 500 0.000277
SA 8000 500 0.002010
BWT 8000 500 0.001267
ST 8000 500 0.000277
SA 8000 500 0.001968
BWT 8000 500 0.001265
ST 8000 500 0.000277
SA 8000 500 0.002014
BWT 8000 500 0.001265
ST 8000 500 0.000277
SA 8000 500 0.002006
BWT 8000 500 0.001267
ST 8000 500 0.000277
SA 8000 500 0.001969
BWT 8000 500 0.001268
ST 8000 500 0.000277
SA 8000 500 0.001967
BWT 8000 500 0.001267
ST 8000 500 0.000275
SA 9000 100 0.000560
BWT 9000 100 0.000287
ST 9000 100 0.000112
SA 9000 100 0.000528
BWT 9000 100 0.000284
ST 9000 100 0.000111
SA 9000 100 0.000547
BWT 9000 100 0.000289
ST 9000 100 0.000111
SA 9000 100 0.000525
BWT 9000 100 0.000286
ST 9000 100 0.000111
SA 9000 100 0.000528
BWT 9000 100 0.000289
ST 9000 100 0.000113
SA 9000 100 0.000526
BWT 9000 100 0.000284
ST 9000 100 0.000113
SA 9000 100 0.000529
BWT 9000 100 0.000286
ST 9000 100 0.000112
SA 9000 100 0.000557
BWT 9000 100 0.000324
ST 9000 100 0.000112
SA 9000 100 0.000526
BWT 9000 100 0.000285
ST 9000 100 0.000113
SA 9000 100 0.000531
BWT 9000 100 0.000285
ST 9000 100 0.000113
SA 9000 200 0.000885
BWT 9000 200 0.000530
ST 9000 200 0.000153
SA 9000 200 0.000887
BWT 9000 200 0.000530
ST 9000 200 0.000152
SA 9000 200 0.000886
BWT 9000 200 0.000536
ST 9000 200 0.000152
SA 9000 200 0.000884
BWT 9000 200 0.000583
ST 9000 200 0.000153
SA 9000 200 0.000907
BWT 9000 200 0.000530
ST 9000 200 0.000153
SA 9000 200 0.000915
BWT 9000 200 0.000530
ST 9000 200 0.000152
SA 9000 200 0.000886
BWT 9000 200 0.000569
ST 9000 200 0.000153
SA 9000 200 0.000885
BWT 9000 200 0.000530
ST 9000 200 0.000154
SA 9000 200 0.000973
BWT 9000 200 0.000529
ST 9000 200 0.000152
SA 9000 200 0.000888
BWT 9000 200 0.000529
ST 9000 200 0.000151
SA 9000 300 0.001276
BWT 9000 300 0.000786
ST 9000 300 0.000193
SA 9000 300 0.001253
BWT 9000 300 0.000786
ST 9000 300 0.000194
SA 9000 300 0.001254
BWT 9000 300 0.000788
ST 9000 300 0.000193
SA 9000 300 0.001252
BWT 9000 300 0.000788
ST 9000 300 0.000194
SA 9000 300 0.001257
BWT 9000 300 0.000783
ST 9000 300 0.000193
SA 9000 300 0.001257
BWT 9000 300 0.000886
ST 9000 300 0.000194
SA 9000 300 0.001291
BWT 9000 300 0.000828
ST 9000 300 0.000194
SA 9000 300 0.001255
BWT 9000 300 0.000846
ST 9000 300 0.000194
SA 9000 300 0.001254
BWT 9000 300 0.000783
ST 9000 300 0.000194
SA 9000 300 0.001279
BWT 9000 300 0.000781
ST 9000 300 0.000194
SA 9000 400 0.001612
BWT 9000 400 0.001026
ST 9000 400 0.000233
SA 9000 400 0.001618
BWT 9000 400 0.001024
ST 9000 400 0.000234
SA 9000 400 0.001631
BWT 9000 400 0.001026
ST 9000 400 0.000232
SA 9000 400 0.001632
BWT 9000 400 0.001029
ST 9000 400 0.000232
SA 9000 400 0.001644
BWT 9000 400 0.001034
ST 9000 400 0.000233
SA 9000 400 0.001608
BWT 9000 400 0.001032
ST 9000 400 0.000231
SA 9000 400 0.001652
BWT 9000 400 0.001033
ST 9000 400 0.000233
SA 9000 400 0.001614
BWT 9000 400 0.001051
ST 9000 400 0.000231
SA 9000 400 0.001613
BWT 9000 400 0.001026
ST 9000 400 0.000233
SA 9000 400 0.001650
BWT 9000 400 0.001050
ST 9000 400 0.000233
SA 9000 500 0.001971
BWT 9000 500 0.001269
ST 9000 500 0.000278
SA 9000 500 0.001974
BWT 9000 500 0.001273
ST 9000 500 0.000276
SA 9000 500 0.001974
BWT 9000 500 0.001331
ST 9000 500 0.000275
SA 9000 500 0.001975
BWT 9000 500 0.001272
ST 9000 500 0.000278
SA 9000 500 0.001976
BWT 9000 500 0.001267
ST 9000 500 0.000277
SA 9000 500 0.001968
BWT 9000 500 0.001268
ST 9000 500 0.000278
SA 9000 500 0.001974
BWT 9000 500 0.001269
ST 9000 500 0.000276
SA 9000 500 0.001990
BWT 9000 500 0.001268
ST 9000 500 0.000278
SA 9000 500 0.001971
BWT 9000 500 0.001265
ST 9000 500 0.000278
SA 9000 500 0.002024
BWT 9000 500 0.001268
ST 9000 500 0.000278
SA 10000 100 0.000528
BWT 10000 100 0.000287
ST 10000 100 0.000114
SA 10000 100 0.000532
BWT 10000 100 0.000287
ST 10000 100 0.000114
SA 10000 100 0.000567
BWT 10000 100 0.000292
ST 10000 100 0.000112
SA 10000 100 0.000566
BWT 10000 100 0.000287
ST 10000 100 0.000113
SA 10000 100 0.000529
BWT 10000 100 0.000287
ST 10000 100 0.000114
SA 10000 100 0.000533
BWT 10000 100 0.000288
ST 10000 100 0.000113
SA 10000 100 0.000528
BWT 10000 100 0.000287
ST 10000 100 0.000112
SA 10000 100 0.000562
BWT 10000 100 0.000291
ST 10000 100 0.000114
SA 10000 100 0.000526
BWT 10000 100 0.000288
ST 10000 100 0.000113
SA 10000 100 0.000567
BWT 10000 100 0.000287
ST 10000 100 0.000113
SA 10000 200 0.000889
BWT 10000 200 0.000535
ST 10000 200 0.000162
SA 10000 200 0.000891
BWT 10000 200 0.000531
ST 10000 200 0.000159
SA 10000 200 0.000894
BWT 10000 200 0.000531
ST 10000 200 0.000158
SA 10000 200 0.000894
BWT 10000 200 0.000531
ST 10000 200 0.000160
SA 10000 200 0.000923
BWT 10000 200 0.000532
ST 10000 200 0.000160
SA 10000 200 0.000891
BWT 10000 200 0.000531
ST 10000 200 0.000160
SA 10000 200 0.000927
BWT 10000 200 0.000530
ST 10000 200 0.000159
SA 10000 200 0.000889
BWT 10000 200 0.000530
ST 10000 200 0.000159
SA 10000 200 0.000919
BWT 10000 200 0.000531
ST 10000 200 0.000159
SA 10000 200 0.000888
BWT 10000 200 0.000533
ST 10000 200 0.000159
SA 10000 300 0.001260
BWT 10000 300 0.000786
ST 10000 300 0.000195
SA 10000 300 0.001295
BWT 10000 300 0.000790
ST 10000 300 0.000197
SA 10000 300 0.001292
BWT 10000 300 0.000791
ST 10000 300 0.000197
SA 10000 300 0.001261
BWT 10000 300 0.000789
ST 10000 300 0.000192
SA 10000 300 0.001279
BWT 10000 300 0.000795
ST 10000 300 0.000195
SA 10000 300 0.001261
BWT 10000 300 0.000788
ST 10000 300 0.000195
SA 10000 300 0.001262
BWT 10000 300 0.000788
ST 10000 300 0.000195
SA 10000 300 0.001261
BWT 10000 300 0.000788
ST 10000 300 0.000215
SA 10000 300 0.001259
BWT 10000 300 0.000789
ST 10000 300 0.000194
SA 10000 300 0.001260
BWT 10000 300 0.000791
ST 10000 300 0.000193
SA 10000 400 0.001618
BWT 10000 400 0.001032
ST 10000 400 0.000234
SA 10000 400 0.001623
BWT 10000 400 0.001031
ST 10000 400 0.000234
SA 10000 400 0.001619
BWT 10000 400 0.001035
ST 10000 400 0.000237
SA 10000 400 0.001620
BWT 10000 400 0.001029
ST 10000 400 0.000237
SA 10000 400 0.001619
BWT 10000 400 0.001029
ST 10000 400 0.000242
SA 10000 400 0.001615
BWT 10000 400 0.001032
ST 10000 400 0.000232
SA 10000 400 0.001657
BWT 10000 400 0.001038
ST 10000 400 0.000234
SA 10000 400 0.001617
BWT 10000 400 0.001028
ST 10000 400 0.000233
SA 10000 400 0.001631
BWT 10000 400 0.001032
ST 10000 400 0.000234
SA 10000 400 0.001654
BWT 10000 400 0.001029
ST 10000 400 0.000233
SA 10000 500 0.002037
BWT 10000 500 0.001271
ST 10000 500 0.000272
SA 10000 500 0.001976
BWT 10000 500 0.001269
ST 10000 500 0.000274
SA 10000 500 0.002079
BWT 10000 500 0.001273
ST 10000 500 0.000280
SA 10000 500 0.001976
BWT 10000 500 0.001271
ST 10000 500 0.000288
SA 10000 500 0.001977
BWT 10000 500 0.001275
ST 10000 500 0.000278
SA 10000 500 0.001972
BWT 10000 500 0.001278
ST 10000 500 0.000277
SA 10000 500 0.001982
BWT 10000 500 0.001275
ST 10000 500 0.000279
SA 10000 500 0.001995
BWT 10000 500 0.001279
ST 10000 500 0.000278
SA 10000 500 0.001979
BWT 10000 500 0.001275
ST 10000 500 0.000278
SA 10000 500 0.001978
BWT 10000 500 0.001272
ST 10000 500 0.000278
SA 11000 100 0.000535
BWT 11000 100 0.000292
ST 11000 100 0.000115
SA 11000 100 0.000534
BWT 11000 100 0.000290
ST 11000 100 0.000115
SA 11000 100 0.000531
BWT 11000 100 0.000290
ST 11000 100 0.000116
SA 11000 100 0.000531
BWT 11000 100 0.000290
ST 11000 100 0.000117
SA 11000 100 0.000536
BWT 11000 100 0.000291
ST 11000 100 0.000116
SA 11000 100 0.000532
BWT 11000 100 0.000294
ST 11000 100 0.000115
SA 11000 100 0.000535
BWT 11000 100 0.000290
ST 11000 100 0.000116
SA 11000 100 0.000533
BWT 11000 100 0.000290
ST 11000 100 0.000115
SA 11000 100 0.000554
BWT 11000 100 0.000292
ST 11000 100 0.000115
SA 11000 100 0.000550
BWT 11000 100 0.000292
ST 11000 100 0.000116
SA 11000 200 0.000896
BWT 11000 200 0.000535
ST 11000 200 0.000158
SA 11000 200 0.000895
BWT 11000 200 0.000534
ST 11000 200 0.000159
SA 11000 200 0.000891
BWT 11000 200 0.000536
ST 11000 200 0.000157
SA 11000 200 0.000891
BWT 11000 200 0.000537
ST 11000 200 0.000160
SA 11000 200 0.000893
BWT 11000 200 0.000535
ST 11000 200 0.000159
SA 11000 200 0.000892
BWT 11000 200 0.000535
ST 11000 200 0.000159
SA 11000 200 0.000932
BWT 11000 200 0.000535
ST 11000 200 0.000160
SA 11000 200 0.000894
BWT 11000 200 0.000535
ST 11000 200 0.000159
SA 11000 200 0.000895
BWT 11000 200 0.000537
ST 11000 200 0.000158
SA 11000 200 0.000894
BWT 11000 200 0.000535
ST 11000 200 0.000181
SA 11000 300 0.001261
BWT 11000 300 0.000798
ST 11000 300 0.000199
SA 11000 300 0.001261
BWT 11000 300 0.000793
ST 11000 300 0.000200
SA 11000 300 0.001262
BWT 11000 300 0.000816
ST 11000 300 0.000200
SA 11000 300 0.001263
BWT 11000 300 0.000796
ST 11000 300 0.000199
SA 11000 300 0.001259
BWT 11000 300 0.000796
ST 11000 300 0.000199
SA 11000 300 0.001282
BWT 11000 300 0.000792
ST 11000 300 0.000227
SA 11000 300 0.001264
BWT 11000 300 0.000794
ST 11000 300 0.000198
SA 11000 300 0.001261
BWT 11000 300 0.000795
ST 11000 300 0.000198
SA 11000 300 0.001263
BWT 11000 300 0.000801
ST 11000 300 0.000201
SA 11000 300 0.001260
BWT 11000 300 0.000792
ST 11000 300 0.000200
SA 11000 400 0.001623
BWT 11000 400 0.001038
ST 11000 400 0.000240
SA 11000 400 0.001623
BWT 11000 400 0.001036
ST 11000 400 0.000238
SA 11000 400 0.001618
BWT 11000 400 0.001039
ST 11000 400 0.000240
SA 11000 400 0.001617
BWT 11000 400 0.001041
ST 11000 400 0.000238
SA 11000 400 0.001623
BWT 11000 400 0.001037
ST 11000 400 0.000239
SA 11000 400 0.001617
BWT 11000 400 0.001037
ST 11000 400 0.000241
SA 11000 400 0.001619
BWT 11000 400 0.001036
ST 11000 400 0.000238
SA 11000 400 0.001621
BWT 11000 400 0.001033
ST 11000 400 0.000241
SA 11000 400 0.001621
BWT 11000 400 0.001033
ST 11000 400 0.000240
SA 11000 400 0.001622
BWT 11000 400 0.001035
ST 11000 400 0.000241
SA 11000 500 0.001976
BWT 11000 500 0.001276
ST 11000 500 0.000278
SA 11000 500 0.001980
BWT 11000 500 0.001276
ST 11000 500 0.000280
SA 11000 500 0.001980
BWT 11000 500 0.001276
ST 11000 500 0.000278
SA 11000 500 0.001978
BWT 11000 500 0.001276
ST 11000 500 0.000279
SA 11000 500 0.001977
BWT 11000 500 0.001277
ST 11000 500 0.000282
SA 11000 500 0.001975
BWT 11000 500 0.001278
ST 11000 500 0.000276
SA 11000 500 0.001999
BWT 11000 500 0.001281
ST 11000 500 0.000274
SA 11000 500 0.002022
BWT 11000 500 0.001280
ST 11000 500 0.000273
SA 11000 500 0.001979
BWT 11000 500 0.001322
ST 11000 500 0.000277
SA 11000 500 0.001978
BWT 11000 500 0.001280
ST 11000 500 0.000274
SA 12000 100 0.000536
BWT 12000 100 0.000294
ST 12000 100 0.000116
SA 12000 100 0.000538
BWT 12000 100 0.000295
ST 12000 100 0.000118
SA 12000 100 0.000539
BWT 12000 100 0.000297
ST 12000 100 0.000118
SA 12000 100 0.000539
BWT 12000 100 0.000294
ST 12000 100 0.000117
SA 12000 100 0.000540
BWT 12000 100 0.000298
ST 12000 100 0.000127
SA 12000 100 0.000570
BWT 12000 100 0.000298
ST 12000 100 0.000118
SA 12000 100 0.000536
BWT 12000 100 0.000295
ST 12000 100 0.000116
SA 12000 100 0.000539
BWT 12000 100 0.000293
ST 12000 100 0.000119
SA 12000 100 0.000541
BWT 12000 100 0.000298
ST 12000 100 0.000117
SA 12000 100 0.000537
BWT 12000 100 0.000295
ST 12000 100 0.000116
SA 12000 200 0.000894
BWT 12000 200 0.000565
ST 12000 200 0.000160
SA 12000 200 0.000896
BWT 12000 200 0.000541
ST 12000 200 0.000160
SA 12000 200 0.000895
BWT 12000 200 0.000543
ST 12000 200 0.000160
SA 12000 200 0.000897
BWT 12000 200 0.000542
ST 12000 200 0.000160
SA 12000 200 0.000895
BWT 12000 200 0.000541
ST 12000 200 0.000163
SA 12000 200 0.000895
BWT 12000 200 0.000541
ST 12000 200 0.000162
SA 12000 200 0.000928
BWT 12000 200 0.000542
ST 12000 200 0.000161
SA 12000 200 0.000897
BWT 12000 200 0.000563
ST 12000 200 0.000162
SA 12000 200 0.000898
BWT 12000 200 0.000542
ST 12000 200 0.000161
SA 12000 200 0.000898
BWT 12000 200 0.000542
ST 12000 200 0.000162
SA 12000 300 0.001288
BWT 12000 300 0.000802
ST 12000 300 0.000196
SA 12000 300 0.001307
BWT 12000 300 0.000821
ST 12000 300 0.000196
SA 12000 300 0.001265
BWT 12000 300 0.000801
ST 12000 300 0.000197
SA 12000 300 0.001265
BWT 12000 300 0.000804
ST 12000 300 0.000196
SA 12000 300 0.001267
BWT 12000 300 0.000823
ST 12000 300 0.000196
SA 12000 300 0.001266
BWT 12000 300 0.000803
ST 12000 300 0.000194
SA 12000 300 0.001286
BWT 12000 300 0.000801
ST 12000 300 0.000195
SA 12000 300 0.001265
BWT 12000 300 0.000803
ST 12000 300 0.000195
SA 12000 300 0.001265
BWT 12000 300 0.000802
ST 12000 300 0.000195
SA 12000 300 0.001267
BWT 12000 300 0.000800
ST 12000 300 0.000196
SA 12000 400 0.001663
BWT 12000 400 0.001048
ST 12000 400 0.000244
SA 12000 400 0.001659
BWT 12000 400 0.001049
ST 12000 400 0.000236
SA 12000 400 0.001631
BWT 12000 400 0.001051
ST 12000 400 0.000246
SA 12000 400 0.001620
BWT 12000 400 0.001064
ST 12000 400 0.000236
SA 12000 400 0.001619
BWT 12000 400 0.001065
ST 12000 400 0.000235
SA 12000 400 0.001622
BWT 12000 400 0.001049
ST 12000 400 0.000235
SA 12000 400 0.001623
BWT 12000 400 0.001058
ST 12000 400 0.000234
SA 12000 400 0.001622
BWT 12000 400 0.001051
ST 12000 400 0.000237
SA 12000 400 0.001622
BWT 12000 400 0.001048
ST 12000 400 0.000234
SA 12000 400 0.001620
BWT 12000 400 0.001044
ST 12000 400 0.000235
SA 12000 500 0.001984
BWT 12000 500 0.001291
ST 12000 500 0.000274
SA 12000 500 0.002021
BWT 12000 500 0.001291
ST 12000 500 0.000276
SA 12000 500 0.002041
BWT 12000 500 0.001291
ST 12000 500 0.000275
SA 12000 500 0.002022
BWT 12000 500 0.001289
ST 12000 500 0.000274
SA 12000 500 0.001984
BWT 12000 500 0.001288
ST 12000 500 0.000273
SA 12000 500 0.001986
BWT 12000 500 0.001290
ST 12000 500 0.000276
SA 12000 500 0.002016
BWT 12000 500 0.001289
ST 12000 500 0.000274
SA 12000 500 0.001986
BWT 12000 500 0.001288
ST 12000 500 0.000274
SA 12000 500 0.001984
BWT 12000 500 0.001289
ST 12000 500 0.000276
SA 12000 500 0.002031
BWT 12000 500 0.001288
ST 12000 500 0.000273
SA 13000 100 0.000543
BWT 13000 100 0.000297
ST 13000 100 0.000118
SA 13000 100 0.000539
BWT 13000 100 0.000304
ST 13000 100 0.000117
SA 13000 100 0.000574
BWT 13000 100 0.000302
ST 13000 100 0.000117
SA 13000 100 0.000539
BWT 13000 100 0.000296
ST 13000 100 0.000118
SA 13000 100 0.000575
BWT 13000 100 0.000300
ST 13000 100 0.000120
SA 13000 100 0.000575
BWT 13000 100 0.000301
ST 13000 100 0.000118
SA 13000 100 0.000535
BWT 13000 100 0.000300
ST 13000 100 0.000116
SA 13000 100 0.000539
BWT 13000 100 0.000296
ST 13000 100 0.000117
SA 13000 100 0.000536
BWT 13000 100 0.000298
ST 13000 100 0.000118
SA 13000 100 0.000536
BWT 13000 100 0.000297
ST 13000 100 0.000117
SA 13000 200 0.000906
BWT 13000 200 0.000545
ST 13000 200 0.000159
SA 13000 200 0.000901
BWT 13000 200 0.000544
ST 13000 200 0.000161
SA 13000 200 0.000944
BWT 13000 200 0.000543
ST 13000 200 0.000179
SA 13000 200 0.000898
BWT 13000 200 0.000574
ST 13000 200 0.000169
SA 13000 200 0.000897
BWT 13000 200 0.000544
ST 13000 200 0.000160
SA 13000 200 0.000935
BWT 13000 200 0.000544
ST 13000 200 0.000160
SA 13000 200 0.000898
BWT 13000 200 0.000544
ST 13000 200 0.000159
SA 13000 200 0.000900
BWT 13000 200 0.000546
ST 13000 200 0.000161
SA 13000 200 0.000900
BWT 13000 200 0.000548
ST 13000 200 0.000161
SA 13000 200 0.000900
BWT 13000 200 0.000544
ST 13000 200 0.000160
SA 13000 300 0.001268
BWT 13000 300 0.000805
ST 13000 300 0.000202
SA 13000 300 0.001267
BWT 13000 300 0.000806
ST 13000 300 0.000201
SA 13000 300 0.001268
BWT 13000 300 0.000805
ST 13000 300 0.000202
SA 13000 300 0.001307
BWT 13000 300 0.000806
ST 13000 300 0.000201
SA 13000 300 0.001268
BWT 13000 300 0.000805
ST 13000 300 0.000201
SA 13000 300 0.001269
BWT 13000 300 0.000806
ST 13000 300 0.000202
SA 13000 300 0.001270
BWT 13000 300 0.000807
ST 13000 300 0.000202
SA 13000 300 0.001268
BWT 13000 300 0.000811
ST 13000 300 0.000203
SA 13000 300 0.001308
BWT 13000 300 0.000806
ST 13000 300 0.000198
SA 13000 300 0.001265
BWT 13000 300 0.000808
ST 13000 300 0.000198
SA 13000 400 0.001625
BWT 13000 400 0.001062
ST 13000 400 0.000237
SA 13000 400 0.001627
BWT 13000 400 0.001053
ST 13000 400 0.000236
SA 13000 400 0.001627
BWT 13000 400 0.001057
ST 13000 400 0.000235
SA 13000 400 0.001628
BWT 13000 400 0.001060
ST 13000 400 0.000243
SA 13000 400 0.001660
BWT 13000 400 0.001067
ST 13000 400 0.000235
SA 13000 400 0.001624
BWT 13000 400 0.001050
ST 13000 400 0.000236
SA 13000 400 0.001662
BWT 13000 400 0.001054
ST 13000 400 0.000234
SA 13000 400 0.001663
BWT 13000 400 0.001058
ST 13000 400 0.000234
SA 13000 400 0.001671
BWT 13000 400 0.001058
ST 13000 400 0.000265
SA 13000 400 0.001621
BWT 13000 400 0.001057
ST 13000 400 0.000236
SA 13000 500 0.001989
BWT 13000 500 0.001328
ST 13000 500 0.000276
SA 13000 500 0.002010
BWT 13000 500 0.001297
ST 13000 500 0.000274
SA 13000 500 0.001983
BWT 13000 500 0.001299
ST 13000 500 0.000277
SA 13000 500 0.001985
BWT 13000 500 0.001302
ST 13000 500 0.000277
SA 13000 500 0.001986
BWT 13000 500 0.001424
ST 13000 500 0.000314
SA 13000 500 0.001988
BWT 13000 500 0.001425
ST 13000 500 0.000282
SA 13000 500 0.002280
BWT 13000 500 0.001339
ST 13000 500 0.000285
SA 13000 500 0.001987
BWT 13000 500 0.001407
ST 13000 500 0.000276
SA 13000 500 0.002067
BWT 13000 500 0.001298
ST 13000 500 0.000337
SA 13000 500 0.002026
BWT 13000 500 0.001305
ST 13000 500 0.000294
SA 14000 100 0.000575
BWT 14000 100 0.000302
ST 14000 100 0.000119
SA 14000 100 0.000541
BWT 14000 100 0.000301
ST 14000 100 0.000117
SA 14000 100 0.000542
BWT 14000 100 0.000302
ST 14000 100 0.000116
SA 14000 100 0.000542
BWT 14000 100 0.000302
ST 14000 100 0.000118
SA 14000 100 0.000541
BWT 14000 100 0.000306
ST 14000 100 0.000119
SA 14000 100 0.000541
BWT 14000 100 0.000305
ST 14000 100 0.000118
SA 14000 100 0.000542
BWT 14000 100 0.000301
ST 14000 100 0.000120
SA 14000 100 0.000542
BWT 14000 100 0.000302
ST 14000 100 0.000117
SA 14000 100 0.000573
BWT 14000 100 0.000301
ST 14000 100 0.000118
SA 14000 100 0.000579
BWT 14000 100 0.000301
ST 14000 100 0.000119
SA 14000 200 0.000903
BWT 14000 200 0.000557
ST 14000 200 0.000158
SA 14000 200 0.000901
BWT 14000 200 0.000554
ST 14000 200 0.000158
SA 14000 200 0.000907
BWT 14000 200 0.000556
ST 14000 200 0.000157
SA 14000 200 0.000897
BWT 14000 200 0.000557
ST 14000 200 0.000157
SA 14000 200 0.000904
BWT 14000 200 0.000556
ST 14000 200 0.000157
SA 14000 200 0.000903
BWT 14000 200 0.000556
ST 14000 200 0.000159
SA 14000 200 0.000901
BWT 14000 200 0.000557
ST 14000 200 0.000164
SA 14000 200 0.000901
BWT 14000 200 0.000556
ST 14000 200 0.000158
SA 14000 200 0.000901
BWT 14000 200 0.000556
ST 14000 200 0.000158
SA 14000 200 0.000900
BWT 14000 200 0.000557
ST 14000 200 0.000158
SA 14000 300 0.001272
BWT 14000 300 0.000823
ST 14000 300 0.000200
SA 14000 300 0.001309
BWT 14000 300 0.000823
ST 14000 300 0.000195
SA 14000 300 0.001271
BWT 14000 300 0.000821
ST 14000 300 0.000198
SA 14000 300 0.001307
BWT 14000 300 0.000819
ST 14000 300 0.000281
SA 14000 300 0.001272
BWT 14000 300 0.000819
ST 14000 300 0.000196
SA 14000 300 0.001270
BWT 14000 300 0.000822
ST 14000 300 0.000202
SA 14000 300 0.001269
BWT 14000 300 0.000822
ST 14000 300 0.000197
SA 14000 300 0.001310
BWT 14000 300 0.000822
ST 14000 300 0.000196
SA 14000 300 0.001267
BWT 14000 300 0.000821
ST 14000 300 0.000198
SA 14000 300 0.001305
BWT 14000 300 0.000824
ST 14000 300 0.000197
SA 14000 400 0.001635
BWT 14000 400 0.001079
ST 14000 400 0.000237
SA 14000 400 0.001667
BWT 14000 400 0.001074
ST 14000 400 0.000238
SA 14000 400 0.001632
BWT 14000 400 0.001077
ST 14000 400 0.000236
SA 14000 400 0.001666
BWT 14000 400 0.001073
ST 14000 400 0.000236
SA 14000 400 0.001662
BWT 14000 400 0.001078
ST 14000 400 0.000238
SA 14000 400 0.001626
BWT 14000 400 0.001072
ST 14000 400 0.000236
SA 14000 400 0.001636
BWT 14000 400 0.001078
ST 14000 400 0.000236
SA 14000 400 0.001631
BWT 14000 400 0.001070
ST 14000 400 0.000237
SA 14000 400 0.001632
BWT 14000 400 0.001131
ST 14000 400 0.000237
SA 14000 400 0.001671
BWT 14000 400 0.001073
ST 14000 400 0.000237
SA 14000 500 0.001996
BWT 14000 500 0.001323
ST 14000 500 0.000276
SA 14000 500 0.001987
BWT 14000 500 0.001327
ST 14000 500 0.000277
SA 14000 500 0.001994
BWT 14000 500 0.001325
ST 14000 500 0.000276
SA 14000 500 0.001985
BWT 14000 500 0.001328
ST 14000 500 0.000275
SA 14000 500 0.001984
BWT 14000 500 0.001322
ST 14000 500 0.000276
SA 14000 500 0.002027
BWT 14000 500 0.001325
ST 14000 500 0.000283
SA 14000 500 0.002018
BWT 14000 500 0.001326
ST 14000 500 0.000281
SA 14000 500 0.002000
BWT 14000 500 0.001375
ST 14000 500 0.000274
SA 14000 500 0.001990
BWT 14000 500 0.001327
ST 14000 500 0.000276
SA 14000 500 0.001989
BWT 14000 500 0.001324
ST 14000 500 0.000277
SA 15000 100 0.000542
BWT 15000 100 0.000306
ST 15000 100 0.000120
SA 15000 100 0.000540
BWT 15000 100 0.000310
ST 15000 100 0.000121
SA 15000 100 0.000542
BWT 15000 100 0.000309
ST 15000 100 0.000117
SA 15000 100 0.000579
BWT 15000 100 0.000305
ST 15000 100 0.000118
SA 15000 100 0.000587
BWT 15000 100 0.000306
ST 15000 100 0.000119
SA 15000 100 0.000546
BWT 15000 100 0.000307
ST 15000 100 0.000118
SA 15000 100 0.000544
BWT 15000 100 0.000306
ST 15000 100 0.000118
SA 15000 100 0.000581
BWT 15000 100 0.000311
ST 15000 100 0.000118
SA 15000 100 0.000546
BWT 15000 100 0.000345
ST 15000 100 0.000120
SA 15000 100 0.000550
BWT 15000 100 0.000305
ST 15000 100 0.000119
SA 15000 200 0.000902
BWT 15000 200 0.000564
ST 15000 200 0.000159
SA 15000 200 0.000905
BWT 15000 200 0.000567
ST 15000 200 0.000159
SA 15000 200 0.000937
BWT 15000 200 0.000566
ST 15000 200 0.000159
SA 15000 200 0.000934
BWT 15000 200 0.000563
ST 15000 200 0.000159
SA 15000 200 0.000900
BWT 15000 200 0.000565
ST 15000 200 0.000160
SA 15000 200 0.000903
BWT 15000 200 0.000565
ST 15000 200 0.000160
SA 15000 200 0.000896
BWT 15000 200 0.000564
ST 15000 200 0.000181
SA 15000 200 0.000904
BWT 15000 200 0.000566
ST 15000 200 0.000159
SA 15000 200 0.000938
BWT 15000 200 0.000566
ST 15000 200 0.000159
SA 15000 200 0.000899
BWT 15000 200 0.000566
ST 15000 200 0.000159
SA 15000 300 0.001270
BWT 15000 300 0.000836
ST 15000 300 0.000217
SA 15000 300 0.001273
BWT 15000 300 0.000837
ST 15000 300 0.000197
SA 15000 300 0.001274
BWT 15000 300 0.000835
ST 15000 300 0.000198
SA 15000 300 0.001314
BWT 15000 300 0.000838
ST 15000 300 0.000198
SA 15000 300 0.001309
BWT 15000 300 0.000839
ST 15000 300 0.000198
SA 15000 300 0.001306
BWT 15000 300 0.000839
ST 15000 300 0.000200
SA 15000 300 0.001272
BWT 15000 300 0.000843
ST 15000 300 0.000197
SA 15000 300 0.001276
BWT 15000 300 0.000835
ST 15000 300 0.000197
SA 15000 300 0.001272
BWT 15000 300 0.000836
ST 15000 300 0.000198
SA 15000 300 0.001270
BWT 15000 300 0.000851
ST 15000 300 0.000200
SA 15000 400 0.001672
BWT 15000 400 0.001107
ST 15000 400 0.000237
SA 15000 400 0.001631
BWT 15000 400 0.001098
ST 15000 400 0.000236
SA 15000 400 0.001631
BWT 15000 400 0.001101
ST 15000 400 0.000236
SA 15000 400 0.001668
BWT 15000 400 0.001094
ST 15000 400 0.000236
SA 15000 400 0.001630
BWT 15000 400 0.001094
ST 15000 400 0.000239
SA 15000 400 0.001633
BWT 15000 400 0.001093
ST 15000 400 0.000279
SA 15000 400 0.001629
BWT 15000 400 0.001106
ST 15000 400 0.000238
SA 15000 400 0.001627
BWT 15000 400 0.001094
ST 15000 400 0.000236
SA 15000 400 0.001631
BWT 15000 400 0.001095
ST 15000 400 0.000237
SA 15000 400 0.001667
BWT 15000 400 0.001095
ST 15000 400 0.000237
SA 15000 500 0.002044
BWT 15000 500 0.001352
ST 15000 500 0.000276
SA 15000 500 0.001991
BWT 15000 500 0.001355
ST 15000 500 0.000276
SA 15000 500 0.002029
BWT 15000 500 0.001350
ST 15000 500 0.000279
SA 15000 500 0.002015
BWT 15000 500 0.001351
ST 15000 500 0.000278
SA 15000 500 0.001993
BWT 15000 500 0.001376
ST 15000 500 0.000276
SA 15000 500 0.001990
BWT 15000 500 0.001366
ST 15000 500 0.000278
SA 15000 500 0.001992
BWT 15000 500 0.001353
ST 15000 500 0.000276
SA 15000 500 0.001991
BWT 15000 500 0.001372
ST 15000 500 0.000277
SA 15000 500 0.001987
BWT 15000 500 0.001351
ST 15000 500 0.000276
SA 15000 500 0.001995
BWT 15000 500 0.001390
ST 15000 500 0.000276
SA 16000 100 0.000583
BWT 16000 100 0.000312
ST 16000 100 0.000120
SA 16000 100 0.000593
BWT 16000 100 0.000331
ST 16000 100 0.000123
SA 16000 100 0.000545
BWT 16000 100 0.000310
ST 16000 100 0.000119
SA 16000 100 0.000805
BWT 16000 100 0.000310
ST 16000 100 0.000119
SA 16000 100 0.000545
BWT 16000 100 0.000314
ST 16000 100 0.000118
SA 16000 100 0.000546
BWT 16000 100 0.000311
ST 16000 100 0.000118
SA 16000 100 0.000585
BWT 16000 100 0.000313
ST 16000 100 0.000119
SA 16000 100 0.000546
BWT 16000 100 0.000315
ST 16000 100 0.000119
SA 16000 100 0.000541
BWT 16000 100 0.000309
ST 16000 100 0.000121
SA 16000 100 0.000586
BWT 16000 100 0.000308
ST 16000 100 0.000119
SA 16000 200 0.000908
BWT 16000 200 0.000576
ST 16000 200 0.000159
SA 16000 200 0.000905
BWT 16000 200 0.000575
ST 16000 200 0.000158
SA 16000 200 0.000907
BWT 16000 200 0.000582
ST 16000 200 0.000159
SA 16000 200 0.000940
BWT 16000 200 0.000574
ST 16000 200 0.000158
SA 16000 200 0.000905
BWT 16000 200 0.000573
ST 16000 200 0.000159
SA 16000 200 0.000904
BWT 16000 200 0.000575
ST 16000 200 0.000158
SA 16000 200 0.000984
BWT 16000 200 0.000575
ST 16000 200 0.000159
SA 16000 200 0.000905
BWT 16000 200 0.000575
ST 16000 200 0.000160
SA 16000 200 0.000903
BWT 16000 200 0.000573
ST 16000 200 0.000160
SA 16000 200 0.000905
BWT 16000 200 0.000574
ST 16000 200 0.000158
SA 16000 300 0.001273
BWT 16000 300 0.000853
ST 16000 300 0.000197
SA 16000 300 0.001311
BWT 16000 300 0.000850
ST 16000 300 0.000198
SA 16000 300 0.001272
BWT 16000 300 0.000847
ST 16000 300 0.000199
SA 16000 300 0.001275
BWT 16000 300 0.000854
ST 16000 300 0.000197
SA 16000 300 0.001274
BWT 16000 300 0.000853
ST 16000 300 0.000199
SA 16000 300 0.001274
BWT 16000 300 0.000868
ST 16000 300 0.000199
SA 16000 300 0.001276
BWT 16000 300 0.000846
ST 16000 300 0.000198
SA 16000 300 0.001274
BWT 16000 300 0.000847
ST 16000 300 0.000197
SA 16000 300 0.001276
BWT 16000 300 0.000850
ST 16000 300 0.000204
SA 16000 300 0.001299
BWT 16000 300 0.000850
ST 16000 300 0.000200
SA 16000 400 0.001628
BWT 16000 400 0.001116
ST 16000 400 0.000238
SA 16000 400 0.001630
BWT 16000 400 0.001113
ST 16000 400 0.000235
SA 16000 400 0.001633
BWT 16000 400 0.001118
ST 16000 400 0.000237
SA 16000 400 0.001653
BWT 16000 400 0.001115
ST 16000 400 0.000237
SA 16000 400 0.001630
BWT 16000 400 0.001191
ST 16000 400 0.000239
SA 16000 400 0.001639
BWT 16000 400 0.001114
ST 16000 400 0.000237
SA 16000 400 0.001736
BWT 16000 400 0.001116
ST 16000 400 0.000237
SA 16000 400 0.001679
BWT 16000 400 0.001115
ST 16000 400 0.000239
SA 16000 400 0.001632
BWT 16000 400 0.001113
ST 16000 400 0.000258
SA 16000 400 0.001677
BWT 16000 400 0.001119
ST 16000 400 0.000237
SA 16000 500 0.001996
BWT 16000 500 0.001375
ST 16000 500 0.000277
SA 16000 500 0.001994
BWT 16000 500 0.001401
ST 16000 500 0.000275
SA 16000 500 0.001992
BWT 16000 500 0.001378
ST 16000 500 0.000278
SA 16000 500 0.002038
BWT 16000 500 0.001376
ST 16000 500 0.000278
SA 16000 500 0.001997
BWT 16000 500 0.001393
ST 16000 500 0.000277
SA 16000 500 0.002000
BWT 16000 500 0.001377
ST 16000 500 0.000278
SA 16000 500 0.002032
BWT 16000 500 0.001385
ST 16000 500 0.000276
SA 16000 500 0.002035
BWT 16000 500 0.001376
ST 16000 500 0.000277
SA 16000 500 0.001991
BWT 16000 500 0.001374
ST 16000 500 0.000278
SA 16000 500 0.001990
BWT 16000 500 0.001373
ST 16000 500 0.000280
SA 17000 100 0.000631
BWT 17000 100 0.000313
ST 17000 100 0.000122
SA 17000 100 0.000548
BWT 17000 100 0.000313
ST 17000 100 0.000122
SA 17000 100 0.000552
BWT 17000 100 0.000316
ST 17000 100 0.000121
SA 17000 100 0.000547
BWT 17000 100 0.000318
ST 17000 100 0.000121
SA 17000 100 0.000554
BWT 17000 100 0.000314
ST 17000 100 0.000119
SA 17000 100 0.000545
BWT 17000 100 0.000314
ST 17000 100 0.000122
SA 17000 100 0.000586
BWT 17000 100 0.000315
ST 17000 100 0.000121
SA 17000 100 0.000547
BWT 17000 100 0.000316
ST 17000 100 0.000120
SA 17000 100 0.000547
BWT 17000 100 0.000314
ST 17000 100 0.000120
SA 17000 100 0.000547
BWT 17000 100 0.000315
ST 17000 100 0.000121
SA 17000 200 0.000912
BWT 17000 200 0.000583
ST 17000 200 0.000160
SA 17000 200 0.000931
BWT 17000 200 0.000583
ST 17000 200 0.000160
SA 17000 200 0.000915
BWT 17000 200 0.000587
ST 17000 200 0.000160
SA 17000 200 0.000945
BWT 17000 200 0.000584
ST 17000 200 0.000181
SA 17000 200 0.000910
BWT 17000 200 0.000585
ST 17000 200 0.000159
SA 17000 200 0.000943
BWT 17000 200 0.000586
ST 17000 200 0.000161
SA 17000 200 0.000912
BWT 17000 200 0.000585
ST 17000 200 0.000170
SA 17000 200 0.000946
BWT 17000 200 0.000582
ST 17000 200 0.000161
SA 17000 200 0.000949
BWT 17000 200 0.000582
ST 17000 200 0.000160
SA 17000 200 0.000911
BWT 17000 200 0.000584
ST 17000 200 0.000160
SA 17000 300 0.001318
BWT 17000 300 0.000861
ST 17000 300 0.000200
SA 17000 300 0.001314
BWT 17000 300 0.000863
ST 17000 300 0.000201
SA 17000 300 0.001306
BWT 17000 300 0.000864
ST 17000 300 0.000202
SA 17000 300 0.001278
BWT 17000 300 0.000862
ST 17000 300 0.000200
SA 17000 300 0.001308
BWT 17000 300 0.000966
ST 17000 300 0.000201
SA 17000 300 0.001279
BWT 17000 300 0.000879
ST 17000 300 0.000199
SA 17000 300 0.001338
BWT 17000 300 0.000866
ST 17000 300 0.000200
SA 17000 300 0.001281
BWT 17000 300 0.000865
ST 17000 300 0.000200
SA 17000 300 0.001314
BWT 17000 300 0.000873
ST 17000 300 0.000199
SA 17000 300 0.001276
BWT 17000 300 0.000862
ST 17000 300 0.000206
SA 17000 400 0.001801
BWT 17000 400 0.001138
ST 17000 400 0.000245
SA 17000 400 0.001638
BWT 17000 400 0.001126
ST 17000 400 0.000237
SA 17000 400 0.001732
BWT 17000 400 0.001128
ST 17000 400 0.000238
SA 17000 400 0.001636
BWT 17000 400 0.001124
ST 17000 400 0.000236
SA 17000 400 0.001695
BWT 17000 400 0.001125
ST 17000 400 0.000238
SA 17000 400 0.001697
BWT 17000 400 0.001186
ST 17000 400 0.000237
SA 17000 400 0.001678
BWT 17000 400 0.001126
ST 17000 400 0.000239
SA 17000 400 0.001634
BWT 17000 400 0.001123
ST 17000 400 0.000237
SA 17000 400 0.001637
BWT 17000 400 0.001126
ST 17000 400 0.000237
SA 17000 400 0.001676
BWT 17000 400 0.001126
ST 17000 400 0.000237
SA 17000 500 0.001998
BWT 17000 500 0.001432
ST 17000 500 0.000277
SA 17000 500 0.001997
BWT 17000 500 0.001388
ST 17000 500 0.000277
SA 17000 500 0.002056
BWT 17000 500 0.001386
ST 17000 500 0.000305
SA 17000 500 0.001988
BWT 17000 500 0.001418
ST 17000 500 0.000279
SA 17000 500 0.001996
BWT 17000 500 0.001398
ST 17000 500 0.000276
SA 17000 500 0.002044
BWT 17000 500 0.001400
ST 17000 500 0.000278
SA 17000 500 0.002042
BWT 17000 500 0.001399
ST 17000 500 0.000279
SA 17000 500 0.001995
BWT 17000 500 0.001468
ST 17000 500 0.000277
SA 17000 500 0.001999
BWT 17000 500 0.001399
ST 17000 500 0.000278
SA 17000 500 0.002000
BWT 17000 500 0.001396
ST 17000 500 0.000277
SA 18000 100 0.000556
BWT 18000 100 0.000317
ST 18000 100 0.000122
SA 18000 100 0.000590
BWT 18000 100 0.000320
ST 18000 100 0.000120
SA 18000 100 0.000558
BWT 18000 100 0.000318
ST 18000 100 0.000121
SA 18000 100 0.000587
BWT 18000 100 0.000322
ST 18000 100 0.000121
SA 18000 100 0.000550
BWT 18000 100 0.000316
ST 18000 100 0.000119
SA 18000 100 0.000553
BWT 18000 100 0.000317
ST 18000 100 0.000120
SA 18000 100 0.000552
BWT 18000 100 0.000317
ST 18000 100 0.000121
SA 18000 100 0.000551
BWT 18000 100 0.000317
ST 18000 100 0.000120
SA 18000 100 0.000590
BWT 18000 100 0.000316
ST 18000 100 0.000121
SA 18000 100 0.000549
BWT 18000 100 0.000317
ST 18000 100 0.000120
SA 18000 200 0.000947
BWT 18000 200 0.000593
ST 18000 200 0.000158
SA 18000 200 0.000908
BWT 18000 200 0.000591
ST 18000 200 0.000161
SA 18000 200 0.000908
BWT 18000 200 0.000615
ST 18000 200 0.000160
SA 18000 200 0.000909
BWT 18000 200 0.000592
ST 18000 200 0.000161
SA 18000 200 0.000911
BWT 18000 200 0.000589
ST 18000 200 0.000160
SA 18000 200 0.000910
BWT 18000 200 0.000589
ST 18000 200 0.000159
SA 18000 200 0.000911
BWT 18000 200 0.000591
ST 18000 200 0.000158
SA 18000 200 0.000946
BWT 18000 200 0.000593
ST 18000 200 0.000160
SA 18000 200 0.000908
BWT 18000 200 0.000594
ST 18000 200 0.000161
SA 18000 200 0.000908
BWT 18000 200 0.000592
ST 18000 200 0.000159
SA 18000 300 0.001321
BWT 18000 300 0.000871
ST 18000 300 0.000198
SA 18000 300 0.001303
BWT 18000 300 0.000878
ST 18000 300 0.000199
SA 18000 300 0.001278
BWT 18000 300 0.000875
ST 18000 300 0.000198
SA 18000 300 0.001279
BWT 18000 300 0.000876
ST 18000 300 0.000199
SA 18000 300 0.001279
BWT 18000 300 0.000877
ST 18000 300 0.000198
SA 18000 300 0.001313
BWT 18000 300 0.000886
ST 18000 300 0.000200
SA 18000 300 0.001316
BWT 18000 300 0.000914
ST 18000 300 0.000199
SA 18000 300 0.001280
BWT 18000 300 0.000879
ST 18000 300 0.000200
SA 18000 300 0.001356
BWT 18000 300 0.000874
ST 18000 300 0.000199
SA 18000 300 0.001306
BWT 18000 300 0.000897
ST 18000 300 0.000199
SA 18000 400 0.001636
BWT 18000 400 0.001145
ST 18000 400 0.000238
SA 18000 400 0.001639
BWT 18000 400 0.001146
ST 18000 400 0.000239
SA 18000 400 0.001679
BWT 18000 400 0.001153
ST 18000 400 0.000238
SA 18000 400 0.001642
BWT 18000 400 0.001141
ST 18000 400 0.000238
SA 18000 400 0.001636
BWT 18000 400 0.001147
ST 18000 400 0.000238
SA 18000 400 0.001637
BWT 18000 400 0.001147
ST 18000 400 0.000237
SA 18000 400 0.001671
BWT 18000 400 0.001146
ST 18000 400 0.000238
SA 18000 400 0.001673
BWT 18000 400 0.001145
ST 18000 400 0.000239
SA 18000 400 0.001675
BWT 18000 400 0.001151
ST 18000 400 0.000239
SA 18000 400 0.001637
BWT 18000 400 0.001148
ST 18000 400 0.000238
SA 18000 500 0.002038
BWT 18000 500 0.001415
ST 18000 500 0.000278
SA 18000 500 0.002036
BWT 18000 500 0.001420
ST 18000 500 0.000278
SA 18000 500 0.002017
BWT 18000 500 0.001423
ST 18000 500 0.000279
SA 18000 500 0.001997
BWT 18000 500 0.001431
ST 18000 500 0.000279
SA 18000 500 0.002023
BWT 18000 500 0.001427
ST 18000 500 0.000278
SA 18000 500 0.001999
BWT 18000 500 0.001424
ST 18000 500 0.000278
SA 18000 500 0.001999
BWT 18000 500 0.001421
ST 18000 500 0.000277
SA 18000 500 0.002067
BWT 18000 500 0.001422
ST 18000 500 0.000277
SA 18000 500 0.002031
BWT 18000 500 0.001416
ST 18000 500 0.000298
SA 18000 500 0.002002
BWT 18000 500 0.001495
ST 18000 500 0.000281
SA 19000 100 0.000551
BWT 19000 100 0.000320
ST 19000 100 0.000120
SA 19000 100 0.000592
BWT 19000 100 0.000325
ST 19000 100 0.000121
SA 19000 100 0.000591
BWT 19000 100 0.000325
ST 19000 100 0.000119
SA 19000 100 0.000588
BWT 19000 100 0.000325
ST 19000 100 0.000121
SA 19000 100 0.000553
BWT 19000 100 0.000322
ST 19000 100 0.000122
SA 19000 100 0.000551
BWT 19000 100 0.000326
ST 19000 100 0.000121
SA 19000 100 0.000553
BWT 19000 100 0.000320
ST 19000 100 0.000121
SA 19000 100 0.000586
BWT 19000 100 0.000326
ST 19000 100 0.000120
SA 19000 100 0.000588
BWT 19000 100 0.000321
ST 19000 100 0.000121
SA 19000 100 0.000587
BWT 19000 100 0.000321
ST 19000 100 0.000121
SA 19000 200 0.000947
BWT 19000 200 0.000664
ST 19000 200 0.000160
SA 19000 200 0.000912
BWT 19000 200 0.000600
ST 19000 200 0.000160
SA 19000 200 0.000911
BWT 19000 200 0.000609
ST 19000 200 0.000162
SA 19000 200 0.000912
BWT 19000 200 0.000595
ST 19000 200 0.000161
SA 19000 200 0.000920
BWT 19000 200 0.000600
ST 19000 200 0.000161
SA 19000 200 0.000909
BWT 19000 200 0.000601
ST 19000 200 0.000186
SA 19000 200 0.000912
BWT 19000 200 0.000598
ST 19000 200 0.000160
SA 19000 200 0.000906
BWT 19000 200 0.000601
ST 19000 200 0.000161
SA 19000 200 0.000911
BWT 19000 200 0.000597
ST 19000 200 0.000160
SA 19000 200 0.000947
BWT 19000 200 0.000597
ST 19000 200 0.000201
SA 19000 300 0.001390
BWT 19000 300 0.000918
ST 19000 300 0.000199
SA 19000 300 0.001280
BWT 19000 300 0.000886
ST 19000 300 0.000199
SA 19000 300 0.001281
BWT 19000 300 0.000889
ST 19000 300 0.000199
SA 19000 300 0.001281
BWT 19000 300 0.000938
ST 19000 300 0.000203
SA 19000 300 0.001285
BWT 19000 300 0.000887
ST 19000 300 0.000220
SA 19000 300 0.001283
BWT 19000 300 0.000903
ST 19000 300 0.000201
SA 19000 300 0.001279
BWT 19000 300 0.000886
ST 19000 300 0.000202
SA 19000 300 0.001283
BWT 19000 300 0.000892
ST 19000 300 0.000201
SA 19000 300 0.001287
BWT 19000 300 0.000885
ST 19000 300 0.000199
SA 19000 300 0.001363
BWT 19000 300 0.000888
ST 19000 300 0.000203
SA 19000 400 0.001671
BWT 19000 400 0.001166
ST 19000 400 0.000240
SA 19000 400 0.001679
BWT 19000 400 0.001241
ST 19000 400 0.000239
SA 19000 400 0.001721
BWT 19000 400 0.001163
ST 19000 400 0.000247
SA 19000 400 0.001636
BWT 19000 400 0.001162
ST 19000 400 0.000274
SA 19000 400 0.001642
BWT 19000 400 0.001246
ST 19000 400 0.000239
SA 19000 400 0.001711
BWT 19000 400 0.001172
ST 19000 400 0.000239
SA 19000 400 0.001683
BWT 19000 400 0.001161
ST 19000 400 0.000238
SA 19000 400 0.001688
BWT 19000 400 0.001170
ST 19000 400 0.000241
SA 19000 400 0.001644
BWT 19000 400 0.001182
ST 19000 400 0.000262
SA 19000 400 0.001664
BWT 19000 400 0.001208
ST 19000 400 0.000238
SA 19000 500 0.002002
BWT 19000 500 0.001434
ST 19000 500 0.000278
SA 19000 500 0.002042
BWT 19000 500 0.001547
ST 19000 500 0.000279
SA 19000 500 0.002005
BWT 19000 500 0.002222
ST 19000 500 0.000308
SA 19000 500 0.002057
BWT 19000 500 0.001425
ST 19000 500 0.000280
SA 19000 500 0.001999
BWT 19000 500 0.001448
ST 19000 500 0.000279
SA 19000 500 0.002005
BWT 19000 500 0.001488
ST 19000 500 0.000279
SA 19000 500 0.002004
BWT 19000 500 0.001430
ST 19000 500 0.000280
SA 19000 500 0.001999
BWT 19000 500 0.001431
ST 19000 500 0.000291
SA 19000 500 0.002038
BWT 19000 500 0.001448
ST 19000 500 0.000278
SA 19000 500 0.002001
BWT 19000 500 0.001427
ST 19000 500 0.000281
SA 20000 100 0.000588
BWT 20000 100 0.000324
ST 20000 100 0.000120
SA 20000 100 0.000555
BWT 20000 100 0.000324
ST 20000 100 0.000122
SA 20000 100 0.000557
BWT 20000 100 0.000328
ST 20000 100 0.000120
SA 20000 100 0.000557
BWT 20000 100 0.000325
ST 20000 100 0.000129
SA 20000 100 0.000575
BWT 20000 100 0.000325
ST 20000 100 0.000130
SA 20000 100 0.000554
BWT 20000 100 0.000326
ST 20000 100 0.000153
SA 20000 100 0.000552
BWT 20000 100 0.000325
ST 20000 100 0.000122
SA 20000 100 0.000562
BWT 20000 100 0.000328
ST 20000 100 0.000122
SA 20000 100 0.000590
BWT 20000 100 0.000327
ST 20000 100 0.000120
SA 20000 100 0.000556
BWT 20000 100 0.000326
ST 20000 100 0.000122
SA 20000 200 0.000928
BWT 20000 200 0.000607
ST 20000 200 0.000163
SA 20000 200 0.000949
BWT 20000 200 0.000626
ST 20000 200 0.000162
SA 20000 200 0.000919
BWT 20000 200 0.000603
ST 20000 200 0.000162
SA 20000 200 0.000919
BWT 20000 200 0.000606
ST 20000 200 0.000161
SA 20000 200 0.000912
BWT 20000 200 0.000629
ST 20000 200 0.000161
SA 20000 200 0.000919
BWT 20000 200 0.001243
ST 20000 200 0.000206
SA 20000 200 0.000943
BWT 20000 200 0.000605
ST 20000 200 0.000162
SA 20000 200 0.000924
BWT 20000 200 0.000603
ST 20000 200 0.000161
SA 20000 200 0.000916
BWT 20000 200 0.000661
ST 20000 200 0.000163
SA 20000 200 0.000990
BWT 20000 200 0.000604
ST 20000 200 0.000161
SA 20000 300 0.001286
BWT 20000 300 0.000893
ST 20000 300 0.000199
SA 20000 300 0.001286
BWT 20000 300 0.000896
ST 20000 300 0.000200
SA 20000 300 0.001291
BWT 20000 300 0.000894
ST 20000 300 0.000200
SA 20000 300 0.001286
BWT 20000 300 0.000897
ST 20000 300 0.000202
SA 20000 300 0.001283
BWT 20000 300 0.000959
ST 20000 300 0.000202
SA 20000 300 0.001322
BWT 20000 300 0.000895
ST 20000 300 0.000203
SA 20000 300 0.001282
BWT 20000 300 0.000892
ST 20000 300 0.000201
SA 20000 300 0.001339
BWT 20000 300 0.000897
ST 20000 300 0.000201
SA 20000 300 0.001320
BWT 20000 300 0.000897
ST 20000 300 0.000202
SA 20000 300 0.001392
BWT 20000 300 0.000893
ST 20000 300 0.000202
SA 20000 400 0.001660
BWT 20000 400 0.001179
ST 20000 400 0.000240
SA 20000 400 0.001676
BWT 20000 400 0.001176
ST 20000 400 0.000239
SA 20000 400 0.001643
BWT 20000 400 0.001199
ST 20000 400 0.000239
SA 20000 400 0.001643
BWT 20000 400 0.001177
ST 20000 400 0.000241
SA 20000 400 0.001645
BWT 20000 400 0.001387
ST 20000 400 0.000241
SA 20000 400 0.001638
BWT 20000 400 0.001181
ST 20000 400 0.000242
SA 20000 400 0.001643
BWT 20000 400 0.001234
ST 20000 400 0.000251
SA 20000 400 0.001721
BWT 20000 400 0.001312
ST 20000 400 0.000310
SA 20000 400 0.001670
BWT 20000 400 0.001225
ST 20000 400 0.000263
SA 20000 400 0.001642
BWT 20000 400 0.001176
ST 20000 400 0.000241
SA 20000 500 0.002039
BWT 20000 500 0.001458
ST 20000 500 0.000280
SA 20000 500 0.002002
BWT 20000 500 0.001458
ST 20000 500 0.000280
SA 20000 500 0.002044
BWT 20000 500 0.001453
ST 20000 500 0.000278
SA 20000 500 0.002000
BWT 20000 500 0.001454
ST 20000 500 0.000280
SA 20000 500 0.002002
BWT 20000 500 0.001465
ST 20000 500 0.000279
SA 20000 500 0.002003
BWT 20000 500 0.001453
ST 20000 500 0.000279
SA 20000 500 0.002028
BWT 20000 500 0.001453
ST 20000 500 0.000288
SA 20000 500 0.001997
BWT 20000 500 0.001452
ST 20000 500 0.000280
SA 20000 500 0.002010
BWT 20000 500 0.001455
ST 20000 500 0.000279
SA 20000 500 0.002038
BWT 20000 500 0.001453
ST 20000 500 0.000279
