SA 100 10 0.000018
BWT 100 10 0.000006
ST 100 10 0.000006
SA 100 10 0.000007
BWT 100 10 0.000004
ST 100 10 0.000004
SA 100 10 0.000007
BWT 100 10 0.000003
ST 100 10 0.000004
SA 100 10 0.000007
BWT 100 10 0.000003
ST 100 10 0.000004
SA 100 10 0.000007
BWT 100 10 0.000003
ST 100 10 0.000004
SA 100 10 0.000007
BWT 100 10 0.000003
ST 100 10 0.000003
SA 100 10 0.000006
BWT 100 10 0.000004
ST 100 10 0.000003
SA 100 10 0.000008
BWT 100 10 0.000004
ST 100 10 0.000004
SA 100 10 0.000006
BWT 100 10 0.000004
ST 100 10 0.000004
SA 100 10 0.000007
BWT 100 10 0.000005
ST 100 10 0.000003
SA 100 20 0.000008
BWT 100 20 0.000006
ST 100 20 0.000004
SA 100 20 0.000009
BWT 100 20 0.000005
ST 100 20 0.000004
SA 100 20 0.000010
BWT 100 20 0.000006
ST 100 20 0.000004
SA 100 20 0.000009
BWT 100 20 0.000005
ST 100 20 0.000004
SA 100 20 0.000009
BWT 100 20 0.000004
ST 100 20 0.000003
SA 100 20 0.000008
BWT 100 20 0.000005
ST 100 20 0.000004
SA 100 20 0.000009
BWT 100 20 0.000005
ST 100 20 0.000004
SA 100 20 0.000009
BWT 100 20 0.000005
ST 100 20 0.000004
SA 100 20 0.000008
BWT 100 20 0.000005
ST 100 20 0.000005
SA 100 20 0.000009
BWT 100 20 0.000005
ST 100 20 0.000003
SA 100 30 0.000010
BWT 100 30 0.000006
ST 100 30 0.000004
SA 100 30 0.000010
BWT 100 30 0.000006
ST 100 30 0.000004
SA 100 30 0.000011
BWT 100 30 0.000006
ST 100 30 0.000005
SA 100 30 0.000011
BWT 100 30 0.000006
ST 100 30 0.000004
SA 100 30 0.000011
BWT 100 30 0.000006
ST 100 30 0.000004
SA 100 30 0.000010
BWT 100 30 0.000006
ST 100 30 0.000004
SA 100 30 0.000011
BWT 100 30 0.000006
ST 100 30 0.000003
SA 100 30 0.000010
BWT 100 30 0.000006
ST 100 30 0.000004
SA 100 30 0.000012
BWT 100 30 0.000006
ST 100 30 0.000004
SA 100 30 0.000011
BWT 100 30 0.000006
ST 100 30 0.000004
SA 100 40 0.000013
BWT 100 40 0.000008
ST 100 40 0.000004
SA 100 40 0.000013
BWT 100 40 0.000007
ST 100 40 0.000005
SA 100 40 0.000012
BWT 100 40 0.000008
ST 100 40 0.000005
SA 100 40 0.000012
BWT 100 40 0.000008
ST 100 40 0.000004
SA 100 40 0.000013
BWT 100 40 0.000007
ST 100 40 0.000004
SA 100 40 0.000012
BWT 100 40 0.000009
ST 100 40 0.000004
SA 100 40 0.000013
BWT 100 40 0.000007
ST 100 40 0.000003
SA 100 40 0.000013
BWT 100 40 0.000009
ST 100 40 0.000004
SA 100 40 0.000013
BWT 100 40 0.000007
ST 100 40 0.000004
SA 100 40 0.000012
BWT 100 40 0.000007
ST 100 40 0.000005
SA 100 50 0.000015
BWT 100 50 0.000009
ST 100 50 0.000004
SA 100 50 0.000015
BWT 100 50 0.000009
ST 100 50 0.000005
SA 100 50 0.000014
BWT 100 50 0.000008
ST 100 50 0.000005
SA 100 50 0.000015
BWT 100 50 0.000010
ST 100 50 0.000004
SA 100 50 0.000014
BWT 100 50 0.000009
ST 100 50 0.000015
SA 100 50 0.000024
BWT 100 50 0.000009
ST 100 50 0.000004
SA 100 50 0.000015
BWT 100 50 0.000009
ST 100 50 0.000004
SA 100 50 0.000014
BWT 100 50 0.000009
ST 100 50 0.000004
SA 100 50 0.000014
BWT 100 50 0.000009
ST 100 50 0.000004
SA 100 50 0.000015
BWT 100 50 0.000009
ST 100 50 0.000004
SA 200 10 0.000009
BWT 200 10 0.000003
ST 200 10 0.000005
SA 200 10 0.000007
BWT 200 10 0.000004
ST 200 10 0.000004
SA 200 10 0.000007
BWT 200 10 0.000003
ST 200 10 0.000004
SA 200 10 0.000007
BWT 200 10 0.000004
ST 200 10 0.000003
SA 200 10 0.000007
BWT 200 10 0.000005
ST 200 10 0.000003
SA 200 10 0.000008
BWT 200 10 0.000004
ST 200 10 0.000005
SA 200 10 0.000007
BWT 200 10 0.000005
ST 200 10 0.000003
SA 200 10 0.000008
BWT 200 10 0.000004
ST 200 10 0.000003
SA 200 10 0.000007
BWT 200 10 0.000003
ST 200 10 0.000005
SA 200 10 0.000008
BWT 200 10 0.000003
ST 200 10 0.000004
SA 200 20 0.000009
BWT 200 20 0.000006
ST 200 20 0.000004
SA 200 20 0.000009
BWT 200 20 0.000006
ST 200 20 0.000004
SA 200 20 0.000009
BWT 200 20 0.000005
ST 200 20 0.000004
SA 200 20 0.000009
BWT 200 20 0.000005
ST 200 20 0.000005
SA 200 20 0.000009
BWT 200 20 0.000005
ST 200 20 0.000004
SA 200 20 0.000010
BWT 200 20 0.000005
ST 200 20 0.000005
SA 200 20 0.000010
BWT 200 20 0.000005
ST 200 20 0.000003
SA 200 20 0.000009
BWT 200 20 0.000005
ST 200 20 0.000004
SA 200 20 0.000010
BWT 200 20 0.000005
ST 200 20 0.000004
SA 200 20 0.000009
BWT 200 20 0.000005
ST 200 20 0.000004
SA 200 30 0.000011
BWT 200 30 0.000006
ST 200 30 0.000004
SA 200 30 0.000012
BWT 200 30 0.000007
ST 200 30 0.000004
SA 200 30 0.000011
BWT 200 30 0.000006
ST 200 30 0.000003
SA 200 30 0.000011
BWT 200 30 0.000006
ST 200 30 0.000004
SA 200 30 0.000013
BWT 200 30 0.000006
ST 200 30 0.000004
SA 200 30 0.000011
BWT 200 30 0.000007
ST 200 30 0.000004
SA 200 30 0.000011
BWT 200 30 0.000007
ST 200 30 0.000004
SA 200 30 0.000012
BWT 200 30 0.000006
ST 200 30 0.000005
SA 200 30 0.000011
BWT 200 30 0.000007
ST 200 30 0.000004
SA 200 30 0.000011
BWT 200 30 0.000006
ST 200 30 0.000004
SA 200 40 0.000013
BWT 200 40 0.000007
ST 200 40 0.000006
SA 200 40 0.000013
BWT 200 40 0.000007
ST 200 40 0.000005
SA 200 40 0.000012
BWT 200 40 0.000009
ST 200 40 0.000005
SA 200 40 0.000013
BWT 200 40 0.000008
ST 200 40 0.000004
SA 200 40 0.000014
BWT 200 40 0.000007
ST 200 40 0.000004
SA 200 40 0.000013
BWT 200 40 0.000008
ST 200 40 0.000004
SA 200 40 0.000014
BWT 200 40 0.000008
ST 200 40 0.000005
SA 200 40 0.000014
BWT 200 40 0.000007
ST 200 40 0.000004
SA 200 40 0.000013
BWT 200 40 0.000008
ST 200 40 0.000004
SA 200 40 0.000015
BWT 200 40 0.000007
ST 200 40 0.000004
SA 200 50 0.000015
BWT 200 50 0.000009
ST 200 50 0.000005
SA 200 50 0.000016
BWT 200 50 0.000009
ST 200 50 0.000004
SA 200 50 0.000015
BWT 200 50 0.000009
ST 200 50 0.000004
SA 200 50 0.000015
BWT 200 50 0.000009
ST 200 50 0.000005
SA 200 50 0.000016
BWT 200 50 0.000009
ST 200 50 0.000005
SA 200 50 0.000015
BWT 200 50 0.000008
ST 200 50 0.000004
SA 200 50 0.000015
BWT 200 50 0.000010
ST 200 50 0.000005
SA 200 50 0.000015
BWT 200 50 0.000009
ST 200 50 0.000005
SA 200 50 0.000016
BWT 200 50 0.000008
ST 200 50 0.000004
SA 200 50 0.000015
BWT 200 50 0.000009
ST 200 50 0.000005
SA 300 10 0.000009
BWT 300 10 0.000003
ST 300 10 0.000005
SA 300 10 0.000008
BWT 300 10 0.000003
ST 300 10 0.000004
SA 300 10 0.000007
BWT 300 10 0.000005
ST 300 10 0.000004
SA 300 10 0.000007
BWT 300 10 0.000003
ST 300 10 0.000004
SA 300 10 0.000008
BWT 300 10 0.000003
ST 300 10 0.000004
SA 300 10 0.000034
BWT 300 10 0.000004
ST 300 10 0.000004
SA 300 10 0.000008
BWT 300 10 0.000004
ST 300 10 0.000004
SA 300 10 0.000007
BWT 300 10 0.000004
ST 300 10 0.000004
SA 300 10 0.000007
BWT 300 10 0.000005
ST 300 10 0.000004
SA 300 10 0.000008
BWT 300 10 0.000004
ST 300 10 0.000004
SA 300 20 0.000009
BWT 300 20 0.000005
ST 300 20 0.000004
SA 300 20 0.000011
BWT 300 20 0.000005
ST 300 20 0.000005
SA 300 20 0.000011
BWT 300 20 0.000005
ST 300 20 0.000005
SA 300 20 0.000010
BWT 300 20 0.000004
ST 300 20 0.000004
SA 300 20 0.000011
BWT 300 20 0.000006
ST 300 20 0.000004
SA 300 20 0.000009
BWT 300 20 0.000005
ST 300 20 0.000004
SA 300 20 0.000010
BWT 300 20 0.000005
ST 300 20 0.000004
SA 300 20 0.000010
BWT 300 20 0.000005
ST 300 20 0.000004
SA 300 20 0.000009
BWT 300 20 0.000005
ST 300 20 0.000003
SA 300 20 0.000010
BWT 300 20 0.000005
ST 300 20 0.000004
SA 300 30 0.000011
BWT 300 30 0.000007
ST 300 30 0.000006
SA 300 30 0.000012
BWT 300 30 0.000007
ST 300 30 0.000005
SA 300 30 0.000013
BWT 300 30 0.000007
ST 300 30 0.000004
SA 300 30 0.000012
BWT 300 30 0.000006
ST 300 30 0.000004
SA 300 30 0.000011
BWT 300 30 0.000007
ST 300 30 0.000004
SA 300 30 0.000012
BWT 300 30 0.000007
ST 300 30 0.000004
SA 300 30 0.000011
BWT 300 30 0.000007
ST 300 30 0.000004
SA 300 30 0.000012
BWT 300 30 0.000006
ST 300 30 0.000004
SA 300 30 0.000011
BWT 300 30 0.000006
ST 300 30 0.000005
SA 300 30 0.000011
BWT 300 30 0.000006
ST 300 30 0.000005
SA 300 40 0.000013
BWT 300 40 0.000007
ST 300 40 0.000004
SA 300 40 0.000014
BWT 300 40 0.000007
ST 300 40 0.000004
SA 300 40 0.000014
BWT 300 40 0.000008
ST 300 40 0.000004
SA 300 40 0.000014
BWT 300 40 0.000007
ST 300 40 0.000004
SA 300 40 0.000015
BWT 300 40 0.000008
ST 300 40 0.000004
SA 300 40 0.000014
BWT 300 40 0.000008
ST 300 40 0.000004
SA 300 40 0.000014
BWT 300 40 0.000008
ST 300 40 0.000004
SA 300 40 0.000014
BWT 300 40 0.000008
ST 300 40 0.000005
SA 300 40 0.000014
BWT 300 40 0.000007
ST 300 40 0.000004
SA 300 40 0.000014
BWT 300 40 0.000007
ST 300 40 0.000005
SA 300 50 0.000017
BWT 300 50 0.000009
ST 300 50 0.000004
SA 300 50 0.000017
BWT 300 50 0.000009
ST 300 50 0.000004
SA 300 50 0.000015
BWT 300 50 0.000009
ST 300 50 0.000004
SA 300 50 0.000015
BWT 300 50 0.000009
ST 300 50 0.000005
SA 300 50 0.000015
BWT 300 50 0.000008
ST 300 50 0.000006
SA 300 50 0.000015
BWT 300 50 0.000010
ST 300 50 0.000005
SA 300 50 0.000016
BWT 300 50 0.000009
ST 300 50 0.000005
SA 300 50 0.000015
BWT 300 50 0.000009
ST 300 50 0.000006
SA 300 50 0.000015
BWT 300 50 0.000009
ST 300 50 0.000004
SA 300 50 0.000015
BWT 300 50 0.000008
ST 300 50 0.000004
SA 400 10 0.000008
BWT 400 10 0.000004
ST 400 10 0.000004
SA 400 10 0.000008
BWT 400 10 0.000004
ST 400 10 0.000004
SA 400 10 0.000008
BWT 400 10 0.000003
ST 400 10 0.000005
SA 400 10 0.000010
BWT 400 10 0.000004
ST 400 10 0.000005
SA 400 10 0.000008
BWT 400 10 0.000004
ST 400 10 0.000003
SA 400 10 0.000008
BWT 400 10 0.000004
ST 400 10 0.000004
SA 400 10 0.000008
BWT 400 10 0.000003
ST 400 10 0.000005
SA 400 10 0.000009
BWT 400 10 0.000005
ST 400 10 0.000004
SA 400 10 0.000009
BWT 400 10 0.000004
ST 400 10 0.000004
SA 400 10 0.000008
BWT 400 10 0.000004
ST 400 10 0.000004
SA 400 20 0.000011
BWT 400 20 0.000005
ST 400 20 0.000005
SA 400 20 0.000011
BWT 400 20 0.000007
ST 400 20 0.000004
SA 400 20 0.000010
BWT 400 20 0.000006
ST 400 20 0.000004
SA 400 20 0.000010
BWT 400 20 0.000005
ST 400 20 0.000004
SA 400 20 0.000011
BWT 400 20 0.000005
ST 400 20 0.000005
SA 400 20 0.000010
BWT 400 20 0.000005
ST 400 20 0.000004
SA 400 20 0.000010
BWT 400 20 0.000005
ST 400 20 0.000003
SA 400 20 0.000011
BWT 400 20 0.000005
ST 400 20 0.000004
SA 400 20 0.000010
BWT 400 20 0.000006
ST 400 20 0.000004
SA 400 20 0.000010
BWT 400 20 0.000006
ST 400 20 0.000004
SA 400 30 0.000012
BWT 400 30 0.000006
ST 400 30 0.000004
SA 400 30 0.000012
BWT 400 30 0.000006
ST 400 30 0.000004
SA 400 30 0.000013
BWT 400 30 0.000007
ST 400 30 0.000004
SA 400 30 0.000012
BWT 400 30 0.000007
ST 400 30 0.000005
SA 400 30 0.000012
BWT 400 30 0.000006
ST 400 30 0.000005
SA 400 30 0.000013
BWT 400 30 0.000006
ST 400 30 0.000005
SA 400 30 0.000012
BWT 400 30 0.000006
ST 400 30 0.000005
SA 400 30 0.000012
BWT 400 30 0.000006
ST 400 30 0.000004
SA 400 30 0.000012
BWT 400 30 0.000007
ST 400 30 0.000004
SA 400 30 0.000012
BWT 400 30 0.000008
ST 400 30 0.000004
SA 400 40 0.000014
BWT 400 40 0.000007
ST 400 40 0.000005
SA 400 40 0.000014
BWT 400 40 0.000008
ST 400 40 0.000004
SA 400 40 0.000014
BWT 400 40 0.000007
ST 400 40 0.000005
SA 400 40 0.000014
BWT 400 40 0.000007
ST 400 40 0.000004
SA 400 40 0.000015
BWT 400 40 0.000007
ST 400 40 0.000004
SA 400 40 0.000015
BWT 400 40 0.000008
ST 400 40 0.000005
SA 400 40 0.000014
BWT 400 40 0.000008
ST 400 40 0.000005
SA 400 40 0.000013
BWT 400 40 0.000008
ST 400 40 0.000004
SA 400 40 0.000014
BWT 400 40 0.000009
ST 400 40 0.000004
SA 400 40 0.000013
BWT 400 40 0.000007
ST 400 40 0.000006
SA 400 50 0.000016
BWT 400 50 0.000009
ST 400 50 0.000004
SA 400 50 0.000016
BWT 400 50 0.000009
ST 400 50 0.000004
SA 400 50 0.000017
BWT 400 50 0.000008
ST 400 50 0.000005
SA 400 50 0.000015
BWT 400 50 0.000009
ST 400 50 0.000004
SA 400 50 0.000016
BWT 400 50 0.000009
ST 400 50 0.000005
SA 400 50 0.000015
BWT 400 50 0.000008
ST 400 50 0.000004
SA 400 50 0.000016
BWT 400 50 0.000009
ST 400 50 0.000005
SA 400 50 0.000015
BWT 400 50 0.000009
ST 400 50 0.000004
SA 400 50 0.000016
BWT 400 50 0.000010
ST 400 50 0.000004
SA 400 50 0.000015
BWT 400 50 0.000009
ST 400 50 0.000004
SA 500 10 0.000010
BWT 500 10 0.000004
ST 500 10 0.000005
SA 500 10 0.000009
BWT 500 10 0.000003
ST 500 10 0.000004
SA 500 10 0.000008
BWT 500 10 0.000004
ST 500 10 0.000004
SA 500 10 0.000009
BWT 500 10 0.000004
ST 500 10 0.000004
SA 500 10 0.000008
BWT 500 10 0.000003
ST 500 10 0.000004
SA 500 10 0.000007
BWT 500 10 0.000004
ST 500 10 0.000004
SA 500 10 0.000009
BWT 500 10 0.000004
ST 500 10 0.000004
SA 500 10 0.000009
BWT 500 10 0.000004
ST 500 10 0.000003
SA 500 10 0.000010
BWT 500 10 0.000005
ST 500 10 0.000004
SA 500 10 0.000008
BWT 500 10 0.000004
ST 500 10 0.000005
SA 500 20 0.000012
BWT 500 20 0.000006
ST 500 20 0.000004
SA 500 20 0.000011
BWT 500 20 0.000005
ST 500 20 0.000004
SA 500 20 0.000012
BWT 500 20 0.000005
ST 500 20 0.000004
SA 500 20 0.000010
BWT 500 20 0.000006
ST 500 20 0.000005
SA 500 20 0.000011
BWT 500 20 0.000006
ST 500 20 0.000005
SA 500 20 0.000012
BWT 500 20 0.000006
ST 500 20 0.000004
SA 500 20 0.000011
BWT 500 20 0.000005
ST 500 20 0.000005
SA 500 20 0.000010
BWT 500 20 0.000006
ST 500 20 0.000004
SA 500 20 0.000010
BWT 500 20 0.000005
ST 500 20 0.000004
SA 500 20 0.000011
BWT 500 20 0.000006
ST 500 20 0.000004
SA 500 30 0.000012
BWT 500 30 0.000006
ST 500 30 0.000004
SA 500 30 0.000012
BWT 500 30 0.000007
ST 500 30 0.000005
SA 500 30 0.000013
BWT 500 30 0.000007
ST 500 30 0.000005
SA 500 30 0.000013
BWT 500 30 0.000006
ST 500 30 0.000006
SA 500 30 0.000014
BWT 500 30 0.000007
ST 500 30 0.000004
SA 500 30 0.000013
BWT 500 30 0.000007
ST 500 30 0.000005
SA 500 30 0.000013
BWT 500 30 0.000007
ST 500 30 0.000005
SA 500 30 0.000012
BWT 500 30 0.000006
ST 500 30 0.000004
SA 500 30 0.000013
BWT 500 30 0.000007
ST 500 30 0.000004
SA 500 30 0.000012
BWT 500 30 0.000007
ST 500 30 0.000004
SA 500 40 0.000015
BWT 500 40 0.000008
ST 500 40 0.000004
SA 500 40 0.000013
BWT 500 40 0.000007
ST 500 40 0.000005
SA 500 40 0.000013
BWT 500 40 0.000007
ST 500 40 0.000004
SA 500 40 0.000014
BWT 500 40 0.000007
ST 500 40 0.000004
SA 500 40 0.000015
BWT 500 40 0.000008
ST 500 40 0.000005
SA 500 40 0.000014
BWT 500 40 0.000008
ST 500 40 0.000004
SA 500 40 0.000014
BWT 500 40 0.000008
ST 500 40 0.000004
SA 500 40 0.000014
BWT 500 40 0.000009
ST 500 40 0.000004
SA 500 40 0.000013
BWT 500 40 0.000007
ST 500 40 0.000005
SA 500 40 0.000014
BWT 500 40 0.000007
ST 500 40 0.000004
SA 500 50 0.000016
BWT 500 50 0.000008
ST 500 50 0.000005
SA 500 50 0.000016
BWT 500 50 0.000009
ST 500 50 0.000005
SA 500 50 0.000015
BWT 500 50 0.000009
ST 500 50 0.000004
SA 500 50 0.000016
BWT 500 50 0.000009
ST 500 50 0.000004
SA 500 50 0.000015
BWT 500 50 0.000008
ST 500 50 0.000004
SA 500 50 0.000017
BWT 500 50 0.000008
ST 500 50 0.000004
SA 500 50 0.000017
BWT 500 50 0.000009
ST 500 50 0.000005
SA 500 50 0.000027
BWT 500 50 0.000008
ST 500 50 0.000005
SA 500 50 0.000016
BWT 500 50 0.000009
ST 500 50 0.000004
SA 500 50 0.000015
BWT 500 50 0.000009
ST 500 50 0.000004
SA 600 10 0.000008
BWT 600 10 0.000004
ST 600 10 0.000004
SA 600 10 0.000008
BWT 600 10 0.000003
ST 600 10 0.000004
SA 600 10 0.000008
BWT 600 10 0.000005
ST 600 10 0.000013
SA 600 10 0.000008
BWT 600 10 0.000005
ST 600 10 0.000004
SA 600 10 0.000008
BWT 600 10 0.000005
ST 600 10 0.000003
SA 600 10 0.000008
BWT 600 10 0.000004
ST 600 10 0.000003
SA 600 10 0.000018
BWT 600 10 0.000004
ST 600 10 0.000004
SA 600 10 0.000009
BWT 600 10 0.000004
ST 600 10 0.000004
SA 600 10 0.000008
BWT 600 10 0.000005
ST 600 10 0.000003
SA 600 10 0.000008
BWT 600 10 0.000004
ST 600 10 0.000004
SA 600 20 0.000011
BWT 600 20 0.000005
ST 600 20 0.000004
SA 600 20 0.000010
BWT 600 20 0.000004
ST 600 20 0.000004
SA 600 20 0.000010
BWT 600 20 0.000005
ST 600 20 0.000005
SA 600 20 0.000022
BWT 600 20 0.000006
ST 600 20 0.000004
SA 600 20 0.000011
BWT 600 20 0.000006
ST 600 20 0.000004
SA 600 20 0.000010
BWT 600 20 0.000005
ST 600 20 0.000004
SA 600 20 0.000011
BWT 600 20 0.000005
ST 600 20 0.000006
SA 600 20 0.000012
BWT 600 20 0.000005
ST 600 20 0.000003
SA 600 20 0.000011
BWT 600 20 0.000016
ST 600 20 0.000019
SA 600 20 0.000020
BWT 600 20 0.000005
ST 600 20 0.000004
SA 600 30 0.000012
BWT 600 30 0.000006
ST 600 30 0.000005
SA 600 30 0.000012
BWT 600 30 0.000005
ST 600 30 0.000005
SA 600 30 0.000011
BWT 600 30 0.000007
ST 600 30 0.000004
SA 600 30 0.000012
BWT 600 30 0.000006
ST 600 30 0.000004
SA 600 30 0.000011
BWT 600 30 0.000006
ST 600 30 0.000004
SA 600 30 0.000012
BWT 600 30 0.000006
ST 600 30 0.000004
SA 600 30 0.000012
BWT 600 30 0.000006
ST 600 30 0.000004
SA 600 30 0.000013
BWT 600 30 0.000006
ST 600 30 0.000006
SA 600 30 0.000012
BWT 600 30 0.000006
ST 600 30 0.000004
SA 600 30 0.000012
BWT 600 30 0.000006
ST 600 30 0.000004
SA 600 40 0.000014
BWT 600 40 0.000008
ST 600 40 0.000004
SA 600 40 0.000013
BWT 600 40 0.000008
ST 600 40 0.000004
SA 600 40 0.000014
BWT 600 40 0.000007
ST 600 40 0.000006
SA 600 40 0.000014
BWT 600 40 0.000007
ST 600 40 0.000005
SA 600 40 0.000014
BWT 600 40 0.000007
ST 600 40 0.000004
SA 600 40 0.000014
BWT 600 40 0.000007
ST 600 40 0.000005
SA 600 40 0.000014
BWT 600 40 0.000018
ST 600 40 0.000005
SA 600 40 0.000014
BWT 600 40 0.000009
ST 600 40 0.000005
SA 600 40 0.000014
BWT 600 40 0.000007
ST 600 40 0.000006
SA 600 40 0.000015
BWT 600 40 0.000007
ST 600 40 0.000004
SA 600 50 0.000016
BWT 600 50 0.000009
ST 600 50 0.000005
SA 600 50 0.000017
BWT 600 50 0.000008
ST 600 50 0.000004
SA 600 50 0.000016
BWT 600 50 0.000009
ST 600 50 0.000004
SA 600 50 0.000016
BWT 600 50 0.000008
ST 600 50 0.000006
SA 600 50 0.000017
BWT 600 50 0.000009
ST 600 50 0.000005
SA 600 50 0.000016
BWT 600 50 0.000009
ST 600 50 0.000004
SA 600 50 0.000016
BWT 600 50 0.000010
ST 600 50 0.000004
SA 600 50 0.000016
BWT 600 50 0.000009
ST 600 50 0.000005
SA 600 50 0.000016
BWT 600 50 0.000008
ST 600 50 0.000005
SA 600 50 0.000016
BWT 600 50 0.000009
ST 600 50 0.000006
SA 700 10 0.000009
BWT 700 10 0.000004
ST 700 10 0.000005
SA 700 10 0.000009
BWT 700 10 0.000004
ST 700 10 0.000003
SA 700 10 0.000010
BWT 700 10 0.000004
ST 700 10 0.000004
SA 700 10 0.000009
BWT 700 10 0.000004
ST 700 10 0.000004
SA 700 10 0.000009
BWT 700 10 0.000004
ST 700 10 0.000004
SA 700 10 0.000008
BWT 700 10 0.000003
ST 700 10 0.000005
SA 700 10 0.000008
BWT 700 10 0.000003
ST 700 10 0.000004
SA 700 10 0.000008
BWT 700 10 0.000003
ST 700 10 0.000005
SA 700 10 0.000009
BWT 700 10 0.000004
ST 700 10 0.000004
SA 700 10 0.000010
BWT 700 10 0.000004
ST 700 10 0.000004
SA 700 20 0.000011
BWT 700 20 0.000005
ST 700 20 0.000005
SA 700 20 0.000011
BWT 700 20 0.000006
ST 700 20 0.000004
SA 700 20 0.000011
BWT 700 20 0.000006
ST 700 20 0.000004
SA 700 20 0.000011
BWT 700 20 0.000005
ST 700 20 0.000004
SA 700 20 0.000012
BWT 700 20 0.000005
ST 700 20 0.000004
SA 700 20 0.000011
BWT 700 20 0.000006
ST 700 20 0.000005
SA 700 20 0.000011
BWT 700 20 0.000005
ST 700 20 0.000004
SA 700 20 0.000011
BWT 700 20 0.000006
ST 700 20 0.000004
SA 700 20 0.000010
BWT 700 20 0.000006
ST 700 20 0.000004
SA 700 20 0.000011
BWT 700 20 0.000005
ST 700 20 0.000004
SA 700 30 0.000013
BWT 700 30 0.000007
ST 700 30 0.000005
SA 700 30 0.000013
BWT 700 30 0.000007
ST 700 30 0.000004
SA 700 30 0.000013
BWT 700 30 0.000007
ST 700 30 0.000004
SA 700 30 0.000013
BWT 700 30 0.000006
ST 700 30 0.000005
SA 700 30 0.000013
BWT 700 30 0.000007
ST 700 30 0.000004
SA 700 30 0.000013
BWT 700 30 0.000006
ST 700 30 0.000004
SA 700 30 0.000013
BWT 700 30 0.000006
ST 700 30 0.000011
SA 700 30 0.000019
BWT 700 30 0.000007
ST 700 30 0.000006
SA 700 30 0.000013
BWT 700 30 0.000007
ST 700 30 0.000004
SA 700 30 0.000013
BWT 700 30 0.000006
ST 700 30 0.000005
SA 700 40 0.000015
BWT 700 40 0.000008
ST 700 40 0.000005
SA 700 40 0.000014
BWT 700 40 0.000008
ST 700 40 0.000005
SA 700 40 0.000014
BWT 700 40 0.000007
ST 700 40 0.000006
SA 700 40 0.000016
BWT 700 40 0.000007
ST 700 40 0.000004
SA 700 40 0.000014
BWT 700 40 0.000007
ST 700 40 0.000004
SA 700 40 0.000015
BWT 700 40 0.000008
ST 700 40 0.000005
SA 700 40 0.000015
BWT 700 40 0.000008
ST 700 40 0.000004
SA 700 40 0.000015
BWT 700 40 0.000007
ST 700 40 0.000005
SA 700 40 0.000015
BWT 700 40 0.000008
ST 700 40 0.000005
SA 700 40 0.000015
BWT 700 40 0.000009
ST 700 40 0.000004
SA 700 50 0.000017
BWT 700 50 0.000008
ST 700 50 0.000005
SA 700 50 0.000016
BWT 700 50 0.000009
ST 700 50 0.000004
SA 700 50 0.000016
BWT 700 50 0.000010
ST 700 50 0.000005
SA 700 50 0.000016
BWT 700 50 0.000009
ST 700 50 0.000005
SA 700 50 0.000017
BWT 700 50 0.000008
ST 700 50 0.000005
SA 700 50 0.000016
BWT 700 50 0.000009
ST 700 50 0.000006
SA 700 50 0.000017
BWT 700 50 0.000010
ST 700 50 0.000005
SA 700 50 0.000016
BWT 700 50 0.000009
ST 700 50 0.000005
SA 700 50 0.000018
BWT 700 50 0.000009
ST 700 50 0.000004
SA 700 50 0.000016
BWT 700 50 0.000009
ST 700 50 0.000006
SA 800 10 0.000010
BWT 800 10 0.000003
ST 800 10 0.000005
SA 800 10 0.000010
BWT 800 10 0.000003
ST 800 10 0.000004
SA 800 10 0.000009
BWT 800 10 0.000004
ST 800 10 0.000004
SA 800 10 0.000009
BWT 800 10 0.000004
ST 800 10 0.000004
SA 800 10 0.000009
BWT 800 10 0.000003
ST 800 10 0.000004
SA 800 10 0.000009
BWT 800 10 0.000004
ST 800 10 0.000003
SA 800 10 0.000009
BWT 800 10 0.000003
ST 800 10 0.000005
SA 800 10 0.000008
BWT 800 10 0.000004
ST 800 10 0.000004
SA 800 10 0.000009
BWT 800 10 0.000004
ST 800 10 0.000005
SA 800 10 0.000009
BWT 800 10 0.000005
ST 800 10 0.000004
SA 800 20 0.000011
BWT 800 20 0.000005
ST 800 20 0.000005
SA 800 20 0.000011
BWT 800 20 0.000006
ST 800 20 0.000004
SA 800 20 0.000011
BWT 800 20 0.000006
ST 800 20 0.000004
SA 800 20 0.000013
BWT 800 20 0.000005
ST 800 20 0.000004
SA 800 20 0.000010
BWT 800 20 0.000005
ST 800 20 0.000004
SA 800 20 0.000011
BWT 800 20 0.000005
ST 800 20 0.000005
SA 800 20 0.000011
BWT 800 20 0.000005
ST 800 20 0.000005
SA 800 20 0.000011
BWT 800 20 0.000005
ST 800 20 0.000004
SA 800 20 0.000011
BWT 800 20 0.000006
ST 800 20 0.000004
SA 800 20 0.000011
BWT 800 20 0.000006
ST 800 20 0.000005
SA 800 30 0.000014
BWT 800 30 0.000007
ST 800 30 0.000004
SA 800 30 0.000013
BWT 800 30 0.000008
ST 800 30 0.000005
SA 800 30 0.000013
BWT 800 30 0.000006
ST 800 30 0.000005
SA 800 30 0.000013
BWT 800 30 0.000007
ST 800 30 0.000004
SA 800 30 0.000013
BWT 800 30 0.000008
ST 800 30 0.000004
SA 800 30 0.000013
BWT 800 30 0.000006
ST 800 30 0.000005
SA 800 30 0.000013
BWT 800 30 0.000006
ST 800 30 0.000005
SA 800 30 0.000012
BWT 800 30 0.000007
ST 800 30 0.000004
SA 800 30 0.000013
BWT 800 30 0.000006
ST 800 30 0.000005
SA 800 30 0.000013
BWT 800 30 0.000006
ST 800 30 0.000004
SA 800 40 0.000016
BWT 800 40 0.000007
ST 800 40 0.000005
SA 800 40 0.000016
BWT 800 40 0.000009
ST 800 40 0.000004
SA 800 40 0.000014
BWT 800 40 0.000009
ST 800 40 0.000004
SA 800 40 0.000025
BWT 800 40 0.000008
ST 800 40 0.000005
SA 800 40 0.000016
BWT 800 40 0.000007
ST 800 40 0.000005
SA 800 40 0.000015
BWT 800 40 0.000007
ST 800 40 0.000005
SA 800 40 0.000015
BWT 800 40 0.000008
ST 800 40 0.000004
SA 800 40 0.000015
BWT 800 40 0.000009
ST 800 40 0.000009
SA 800 40 0.000043
BWT 800 40 0.000008
ST 800 40 0.000007
SA 800 40 0.000016
BWT 800 40 0.000017
ST 800 40 0.000004
SA 800 50 0.000031
BWT 800 50 0.000011
ST 800 50 0.000009
SA 800 50 0.000025
BWT 800 50 0.000009
ST 800 50 0.000006
SA 800 50 0.000018
BWT 800 50 0.000009
ST 800 50 0.000005
SA 800 50 0.000017
BWT 800 50 0.000009
ST 800 50 0.000008
SA 800 50 0.000017
BWT 800 50 0.000009
ST 800 50 0.000004
SA 800 50 0.000018
BWT 800 50 0.000019
ST 800 50 0.000009
SA 800 50 0.000037
BWT 800 50 0.000018
ST 800 50 0.000007
SA 800 50 0.000021
BWT 800 50 0.000011
ST 800 50 0.000006
SA 800 50 0.000018
BWT 800 50 0.000009
ST 800 50 0.000005
SA 800 50 0.000018
BWT 800 50 0.000009
ST 800 50 0.000006
SA 900 10 0.000009
BWT 900 10 0.000004
ST 900 10 0.000004
SA 900 10 0.000009
BWT 900 10 0.000004
ST 900 10 0.000004
SA 900 10 0.000010
BWT 900 10 0.000004
ST 900 10 0.000004
SA 900 10 0.000010
BWT 900 10 0.000004
ST 900 10 0.000004
SA 900 10 0.000009
BWT 900 10 0.000004
ST 900 10 0.000005
SA 900 10 0.000010
BWT 900 10 0.000004
ST 900 10 0.000004
SA 900 10 0.000011
BWT 900 10 0.000005
ST 900 10 0.000004
SA 900 10 0.000009
BWT 900 10 0.000005
ST 900 10 0.000004
SA 900 10 0.000009
BWT 900 10 0.000003
ST 900 10 0.000004
SA 900 10 0.000010
BWT 900 10 0.000005
ST 900 10 0.000004
SA 900 20 0.000012
BWT 900 20 0.000006
ST 900 20 0.000005
SA 900 20 0.000010
BWT 900 20 0.000007
ST 900 20 0.000004
SA 900 20 0.000010
BWT 900 20 0.000005
ST 900 20 0.000004
SA 900 20 0.000011
BWT 900 20 0.000005
ST 900 20 0.000004
SA 900 20 0.000011
BWT 900 20 0.000006
ST 900 20 0.000004
SA 900 20 0.000011
BWT 900 20 0.000005
ST 900 20 0.000004
SA 900 20 0.000012
BWT 900 20 0.000005
ST 900 20 0.000004
SA 900 20 0.000012
BWT 900 20 0.000006
ST 900 20 0.000004
SA 900 20 0.000012
BWT 900 20 0.000005
ST 900 20 0.000004
SA 900 20 0.000011
BWT 900 20 0.000005
ST 900 20 0.000004
SA 900 30 0.000013
BWT 900 30 0.000006
ST 900 30 0.000005
SA 900 30 0.000013
BWT 900 30 0.000008
ST 900 30 0.000004
SA 900 30 0.000013
BWT 900 30 0.000006
ST 900 30 0.000004
SA 900 30 0.000014
BWT 900 30 0.000006
ST 900 30 0.000004
SA 900 30 0.000014
BWT 900 30 0.000007
ST 900 30 0.000004
SA 900 30 0.000013
BWT 900 30 0.000006
ST 900 30 0.000004
SA 900 30 0.000013
BWT 900 30 0.000006
ST 900 30 0.000005
SA 900 30 0.000015
BWT 900 30 0.000006
ST 900 30 0.000005
SA 900 30 0.000013
BWT 900 30 0.000007
ST 900 30 0.000005
SA 900 30 0.000013
BWT 900 30 0.000007
ST 900 30 0.000004
SA 900 40 0.000015
BWT 900 40 0.000014
ST 900 40 0.000006
SA 900 40 0.000016
BWT 900 40 0.000007
ST 900 40 0.000005
SA 900 40 0.000015
BWT 900 40 0.000008
ST 900 40 0.000005
SA 900 40 0.000015
BWT 900 40 0.000007
ST 900 40 0.000005
SA 900 40 0.000015
BWT 900 40 0.000007
ST 900 40 0.000004
SA 900 40 0.000015
BWT 900 40 0.000008
ST 900 40 0.000005
SA 900 40 0.000015
BWT 900 40 0.000007
ST 900 40 0.000005
SA 900 40 0.000015
BWT 900 40 0.000007
ST 900 40 0.000005
SA 900 40 0.000015
BWT 900 40 0.000007
ST 900 40 0.000005
SA 900 40 0.000015
BWT 900 40 0.000008
ST 900 40 0.000005
SA 900 50 0.000017
BWT 900 50 0.000009
ST 900 50 0.000005
SA 900 50 0.000021
BWT 900 50 0.000010
ST 900 50 0.000006
SA 900 50 0.000018
BWT 900 50 0.000010
ST 900 50 0.000005
SA 900 50 0.000018
BWT 900 50 0.000010
ST 900 50 0.000005
SA 900 50 0.000017
BWT 900 50 0.000009
ST 900 50 0.000004
SA 900 50 0.000017
BWT 900 50 0.000009
ST 900 50 0.000004
SA 900 50 0.000017
BWT 900 50 0.000008
ST 900 50 0.000004
SA 900 50 0.000018
BWT 900 50 0.000009
ST 900 50 0.000004
SA 900 50 0.000017
BWT 900 50 0.000009
ST 900 50 0.000006
SA 900 50 0.000017
BWT 900 50 0.000009
ST 900 50 0.000008
SA 1000 10 0.000012
BWT 1000 10 0.000006
ST 1000 10 0.000005
SA 1000 10 0.000010
BWT 1000 10 0.000009
ST 1000 10 0.000006
SA 1000 10 0.000011
BWT 1000 10 0.000006
ST 1000 10 0.000005
SA 1000 10 0.000011
BWT 1000 10 0.000004
ST 1000 10 0.000005
SA 1000 10 0.000009
BWT 1000 10 0.000004
ST 1000 10 0.000006
SA 1000 10 0.000010
BWT 1000 10 0.000006
ST 1000 10 0.000005
SA 1000 10 0.000011
BWT 1000 10 0.000005
ST 1000 10 0.000005
SA 1000 10 0.000010
BWT 1000 10 0.000004
ST 1000 10 0.000004
SA 1000 10 0.000010
BWT 1000 10 0.000005
ST 1000 10 0.000004
SA 1000 10 0.000011
BWT 1000 10 0.000004
ST 1000 10 0.000005
SA 1000 20 0.000012
BWT 1000 20 0.000006
ST 1000 20 0.000005
SA 1000 20 0.000012
BWT 1000 20 0.000006
ST 1000 20 0.000005
SA 1000 20 0.000011
BWT 1000 20 0.000006
ST 1000 20 0.000006
SA 1000 20 0.000012
BWT 1000 20 0.000006
ST 1000 20 0.000004
SA 1000 20 0.000013
BWT 1000 20 0.000006
ST 1000 20 0.000008
SA 1000 20 0.000014
BWT 1000 20 0.000007
ST 1000 20 0.000005
SA 1000 20 0.000012
BWT 1000 20 0.000006
ST 1000 20 0.000006
SA 1000 20 0.000012
BWT 1000 20 0.000006
ST 1000 20 0.000005
SA 1000 20 0.000011
BWT 1000 20 0.000005
ST 1000 20 0.000004
SA 1000 20 0.000014
BWT 1000 20 0.000007
ST 1000 20 0.000005
SA 1000 30 0.000016
BWT 1000 30 0.000008
ST 1000 30 0.000006
SA 1000 30 0.000014
BWT 1000 30 0.000006
ST 1000 30 0.000006
SA 1000 30 0.000014
BWT 1000 30 0.000007
ST 1000 30 0.000006
SA 1000 30 0.000014
BWT 1000 30 0.000007
ST 1000 30 0.000005
SA 1000 30 0.000014
BWT 1000 30 0.000013
ST 1000 30 0.000009
SA 1000 30 0.000021
BWT 1000 30 0.000008
ST 1000 30 0.000006
SA 1000 30 0.000015
BWT 1000 30 0.000021
ST 1000 30 0.000010
SA 1000 30 0.000022
BWT 1000 30 0.000008
ST 1000 30 0.000005
SA 1000 30 0.000015
BWT 1000 30 0.000008
ST 1000 30 0.000005
SA 1000 30 0.000015
BWT 1000 30 0.000008
ST 1000 30 0.000005
SA 1000 40 0.000017
BWT 1000 40 0.000008
ST 1000 40 0.000005
SA 1000 40 0.000016
BWT 1000 40 0.000009
ST 1000 40 0.000005
SA 1000 40 0.000017
BWT 1000 40 0.000009
ST 1000 40 0.000005
SA 1000 40 0.000016
BWT 1000 40 0.000008
ST 1000 40 0.000005
SA 1000 40 0.000015
BWT 1000 40 0.000008
ST 1000 40 0.000005
SA 1000 40 0.000016
BWT 1000 40 0.000008
ST 1000 40 0.000005
SA 1000 40 0.000015
BWT 1000 40 0.000008
ST 1000 40 0.000005
SA 1000 40 0.000015
BWT 1000 40 0.000008
ST 1000 40 0.000005
SA 1000 40 0.000016
BWT 1000 40 0.000007
ST 1000 40 0.000004
SA 1000 40 0.000015
BWT 1000 40 0.000007
ST 1000 40 0.000005
SA 1000 50 0.000018
BWT 1000 50 0.000009
ST 1000 50 0.000005
SA 1000 50 0.000018
BWT 1000 50 0.000010
ST 1000 50 0.000006
SA 1000 50 0.000018
BWT 1000 50 0.000017
ST 1000 50 0.000010
SA 1000 50 0.000018
BWT 1000 50 0.000009
ST 1000 50 0.000005
SA 1000 50 0.000019
BWT 1000 50 0.000009
ST 1000 50 0.000005
SA 1000 50 0.000018
BWT 1000 50 0.000009
ST 1000 50 0.000004
SA 1000 50 0.000016
BWT 1000 50 0.000010
ST 1000 50 0.000004
SA 1000 50 0.000016
BWT 1000 50 0.000009
ST 1000 50 0.000005
SA 1000 50 0.000017
BWT 1000 50 0.000009
ST 1000 50 0.000004
SA 1000 50 0.000018
BWT 1000 50 0.000009
ST 1000 50 0.000005
