SA 10000 100 0.000665
BWT 10000 100 0.000357
ST 10000 100 0.000157
SA 10000 100 0.000628
BWT 10000 100 0.000354
ST 10000 100 0.000141
SA 10000 100 0.000627
BWT 10000 100 0.000353
ST 10000 100 0.000139
SA 10000 100 0.000666
BWT 10000 100 0.000412
ST 10000 100 0.000160
SA 10000 100 0.000670
BWT 10000 100 0.000357
ST 10000 100 0.000139
SA 10000 100 0.000660
BWT 10000 100 0.000348
ST 10000 100 0.000153
SA 10000 100 0.000696
BWT 10000 100 0.000345
ST 10000 100 0.000140
SA 10000 100 0.000634
BWT 10000 100 0.000347
ST 10000 100 0.000139
SA 10000 100 0.000623
BWT 10000 100 0.000366
ST 10000 100 0.000164
SA 10000 100 0.000671
BWT 10000 100 0.000356
ST 10000 100 0.000139
SA 10000 200 0.001116
BWT 10000 200 0.000646
ST 10000 200 0.000188
SA 10000 200 0.001061
BWT 10000 200 0.000649
ST 10000 200 0.000189
SA 10000 200 0.001058
BWT 10000 200 0.000645
ST 10000 200 0.000186
SA 10000 200 0.001058
BWT 10000 200 0.000644
ST 10000 200 0.000187
SA 10000 200 0.001094
BWT 10000 200 0.000644
ST 10000 200 0.000187
SA 10000 200 0.001056
BWT 10000 200 0.000644
ST 10000 200 0.000187
SA 10000 200 0.001059
BWT 10000 200 0.000651
ST 10000 200 0.000187
SA 10000 200 0.001060
BWT 10000 200 0.000668
ST 10000 200 0.000189
SA 10000 200 0.001063
BWT 10000 200 0.000648
ST 10000 200 0.000187
SA 10000 200 0.001077
BWT 10000 200 0.000645
ST 10000 200 0.000188
SA 10000 300 0.001541
BWT 10000 300 0.000963
ST 10000 300 0.000243
SA 10000 300 0.001515
BWT 10000 300 0.000955
ST 10000 300 0.000242
SA 10000 300 0.001499
BWT 10000 300 0.000955
ST 10000 300 0.000242
SA 10000 300 0.001516
BWT 10000 300 0.000965
ST 10000 300 0.000241
SA 10000 300 0.001542
BWT 10000 300 0.000957
ST 10000 300 0.000242
SA 10000 300 0.001499
BWT 10000 300 0.000956
ST 10000 300 0.000241
SA 10000 300 0.001494
BWT 10000 300 0.000956
ST 10000 300 0.000243
SA 10000 300 0.001500
BWT 10000 300 0.000961
ST 10000 300 0.000244
SA 10000 300 0.001500
BWT 10000 300 0.000958
ST 10000 300 0.000241
SA 10000 300 0.001502
BWT 10000 300 0.000954
ST 10000 300 0.000243
SA 10000 400 0.001923
BWT 10000 400 0.001253
ST 10000 400 0.000290
SA 10000 400 0.001923
BWT 10000 400 0.001294
ST 10000 400 0.000290
SA 10000 400 0.001937
BWT 10000 400 0.001259
ST 10000 400 0.000290
SA 10000 400 0.001921
BWT 10000 400 0.001314
ST 10000 400 0.000313
SA 10000 400 0.001964
BWT 10000 400 0.001265
ST 10000 400 0.000348
SA 10000 400 0.001947
BWT 10000 400 0.001289
ST 10000 400 0.000290
SA 10000 400 0.001938
BWT 10000 400 0.001255
ST 10000 400 0.000292
SA 10000 400 0.001994
BWT 10000 400 0.001294
ST 10000 400 0.000310
SA 10000 400 0.001934
BWT 10000 400 0.001340
ST 10000 400 0.000308
SA 10000 400 0.002125
BWT 10000 400 0.001250
ST 10000 400 0.000287
SA 10000 500 0.002410
BWT 10000 500 0.001576
ST 10000 500 0.000336
SA 10000 500 0.002462
BWT 10000 500 0.001550
ST 10000 500 0.000335
SA 10000 500 0.002349
BWT 10000 500 0.001631
ST 10000 500 0.000372
SA 10000 500 0.002392
BWT 10000 500 0.001546
ST 10000 500 0.000339
SA 10000 500 0.002350
BWT 10000 500 0.001565
ST 10000 500 0.000337
SA 10000 500 0.002352
BWT 10000 500 0.001543
ST 10000 500 0.000335
SA 10000 500 0.002394
BWT 10000 500 0.001583
ST 10000 500 0.000333
SA 10000 500 0.002649
BWT 10000 500 0.001925
ST 10000 500 0.000376
SA 10000 500 0.002489
BWT 10000 500 0.001546
ST 10000 500 0.000337
SA 10000 500 0.002553
BWT 10000 500 0.001549
ST 10000 500 0.000339
SA 110000 100 0.000840
BWT 110000 100 0.000517
ST 110000 100 0.000211
SA 110000 100 0.000768
BWT 110000 100 0.001067
ST 110000 100 0.000208
SA 110000 100 0.000762
BWT 110000 100 0.000486
ST 110000 100 0.000202
SA 110000 100 0.000764
BWT 110000 100 0.000772
ST 110000 100 0.000218
SA 110000 100 0.000897
BWT 110000 100 0.000619
ST 110000 100 0.000203
SA 110000 100 0.000761
BWT 110000 100 0.000568
ST 110000 100 0.000244
SA 110000 100 0.000766
BWT 110000 100 0.000471
ST 110000 100 0.000203
SA 110000 100 0.000784
BWT 110000 100 0.000641
ST 110000 100 0.000200
SA 110000 100 0.000785
BWT 110000 100 0.000524
ST 110000 100 0.000204
SA 110000 100 0.000768
BWT 110000 100 0.000494
ST 110000 100 0.000236
SA 110000 200 0.001189
BWT 110000 200 0.001017
ST 110000 200 0.000246
SA 110000 200 0.001218
BWT 110000 200 0.001465
ST 110000 200 0.000243
SA 110000 200 0.001218
BWT 110000 200 0.000912
ST 110000 200 0.000248
SA 110000 200 0.001212
BWT 110000 200 0.001024
ST 110000 200 0.000252
SA 110000 200 0.001211
BWT 110000 200 0.001332
ST 110000 200 0.000245
SA 110000 200 0.001258
BWT 110000 200 0.000974
ST 110000 200 0.000281
SA 110000 200 0.001321
BWT 110000 200 0.000958
ST 110000 200 0.000244
SA 110000 200 0.001276
BWT 110000 200 0.000927
ST 110000 200 0.000254
SA 110000 200 0.001199
BWT 110000 200 0.000895
ST 110000 200 0.000250
SA 110000 200 0.001259
BWT 110000 200 0.001056
ST 110000 200 0.000262
SA 110000 300 0.001643
BWT 110000 300 0.001327
ST 110000 300 0.000322
SA 110000 300 0.001658
BWT 110000 300 0.001365
ST 110000 300 0.000299
SA 110000 300 0.001645
BWT 110000 300 0.001317
ST 110000 300 0.000335
SA 110000 300 0.001659
BWT 110000 300 0.001497
ST 110000 300 0.000292
SA 110000 300 0.001703
BWT 110000 300 0.001406
ST 110000 300 0.000338
SA 110000 300 0.001718
BWT 110000 300 0.001380
ST 110000 300 0.000305
SA 110000 300 0.001655
BWT 110000 300 0.001409
ST 110000 300 0.000301
SA 110000 300 0.001652
BWT 110000 300 0.001384
ST 110000 300 0.000302
SA 110000 300 0.001655
BWT 110000 300 0.001394
ST 110000 300 0.000297
SA 110000 300 0.001660
BWT 110000 300 0.001392
ST 110000 300 0.000307
SA 110000 400 0.002113
BWT 110000 400 0.002039
ST 110000 400 0.000346
SA 110000 400 0.002068
BWT 110000 400 0.001837
ST 110000 400 0.000346
SA 110000 400 0.002081
BWT 110000 400 0.002539
ST 110000 400 0.000350
SA 110000 400 0.002074
BWT 110000 400 0.001960
ST 110000 400 0.000347
SA 110000 400 0.002068
BWT 110000 400 0.001800
ST 110000 400 0.000354
SA 110000 400 0.002189
BWT 110000 400 0.001800
ST 110000 400 0.000345
SA 110000 400 0.002145
BWT 110000 400 0.001839
ST 110000 400 0.000349
SA 110000 400 0.002125
BWT 110000 400 0.001770
ST 110000 400 0.000356
SA 110000 400 0.002140
BWT 110000 400 0.001808
ST 110000 400 0.000347
SA 110000 400 0.002134
BWT 110000 400 0.002710
ST 110000 400 0.000350
SA 110000 500 0.002577
BWT 110000 500 0.002663
ST 110000 500 0.000396
SA 110000 500 0.002586
BWT 110000 500 0.002289
ST 110000 500 0.000399
SA 110000 500 0.002519
BWT 110000 500 0.002524
ST 110000 500 0.000395
SA 110000 500 0.002520
BWT 110000 500 0.003144
ST 110000 500 0.000399
SA 110000 500 0.002518
BWT 110000 500 0.002430
ST 110000 500 0.000394
SA 110000 500 0.002518
BWT 110000 500 0.003053
ST 110000 500 0.000406
SA 110000 500 0.002509
BWT 110000 500 0.002257
ST 110000 500 0.000396
SA 110000 500 0.002528
BWT 110000 500 0.002235
ST 110000 500 0.000395
SA 110000 500 0.002541
BWT 110000 500 0.002277
ST 110000 500 0.000393
SA 110000 500 0.002541
BWT 110000 500 0.002256
ST 110000 500 0.000393
SA 210000 100 0.000903
BWT 210000 100 0.000610
ST 210000 100 0.000256
SA 210000 100 0.000913
BWT 210000 100 0.000603
ST 210000 100 0.000228
SA 210000 100 0.000886
BWT 210000 100 0.000603
ST 210000 100 0.000241
SA 210000 100 0.000903
BWT 210000 100 0.000608
ST 210000 100 0.000239
SA 210000 100 0.000890
BWT 210000 100 0.000602
ST 210000 100 0.000231
SA 210000 100 0.000986
BWT 210000 100 0.000676
ST 210000 100 0.000231
SA 210000 100 0.000988
BWT 210000 100 0.000662
ST 210000 100 0.000243
SA 210000 100 0.000907
BWT 210000 100 0.000607
ST 210000 100 0.000228
SA 210000 100 0.000941
BWT 210000 100 0.000668
ST 210000 100 0.000231
SA 210000 100 0.000980
BWT 210000 100 0.000722
ST 210000 100 0.000235
SA 210000 200 0.001305
BWT 210000 200 0.001129
ST 210000 200 0.000285
SA 210000 200 0.001352
BWT 210000 200 0.001240
ST 210000 200 0.000273
SA 210000 200 0.001418
BWT 210000 200 0.001129
ST 210000 200 0.000281
SA 210000 200 0.001354
BWT 210000 200 0.001212
ST 210000 200 0.000279
SA 210000 200 0.001343
BWT 210000 200 0.001153
ST 210000 200 0.000289
SA 210000 200 0.001344
BWT 210000 200 0.001556
ST 210000 200 0.000281
SA 210000 200 0.001416
BWT 210000 200 0.001149
ST 210000 200 0.000284
SA 210000 200 0.001453
BWT 210000 200 0.001130
ST 210000 200 0.000280
SA 210000 200 0.001328
BWT 210000 200 0.001173
ST 210000 200 0.000293
SA 210000 200 0.001321
BWT 210000 200 0.001360
ST 210000 200 0.000281
SA 210000 300 0.001790
BWT 210000 300 0.001811
ST 210000 300 0.000330
SA 210000 300 0.001792
BWT 210000 300 0.001668
ST 210000 300 0.000337
SA 210000 300 0.001870
BWT 210000 300 0.001683
ST 210000 300 0.000330
SA 210000 300 0.001813
BWT 210000 300 0.002054
ST 210000 300 0.000331
SA 210000 300 0.001803
BWT 210000 300 0.001673
ST 210000 300 0.000332
SA 210000 300 0.001788
BWT 210000 300 0.001667
ST 210000 300 0.000344
SA 210000 300 0.001931
BWT 210000 300 0.001726
ST 210000 300 0.000379
SA 210000 300 0.001870
BWT 210000 300 0.001688
ST 210000 300 0.000328
SA 210000 300 0.001776
BWT 210000 300 0.001721
ST 210000 300 0.000341
SA 210000 300 0.001893
BWT 210000 300 0.001749
ST 210000 300 0.000324
SA 210000 400 0.002292
BWT 210000 400 0.002265
ST 210000 400 0.000382
SA 210000 400 0.002218
BWT 210000 400 0.002537
ST 210000 400 0.000385
SA 210000 400 0.002284
BWT 210000 400 0.002265
ST 210000 400 0.000369
SA 210000 400 0.002205
BWT 210000 400 0.002494
ST 210000 400 0.000377
SA 210000 400 0.002419
BWT 210000 400 0.002388
ST 210000 400 0.000379
SA 210000 400 0.002303
BWT 210000 400 0.002218
ST 210000 400 0.000376
SA 210000 400 0.002287
BWT 210000 400 0.002169
ST 210000 400 0.000370
SA 210000 400 0.002290
BWT 210000 400 0.002309
ST 210000 400 0.000373
SA 210000 400 0.002169
BWT 210000 400 0.002380
ST 210000 400 0.000388
SA 210000 400 0.002188
BWT 210000 400 0.002406
ST 210000 400 0.000375
SA 210000 500 0.002721
BWT 210000 500 0.002695
ST 210000 500 0.000422
SA 210000 500 0.002667
BWT 210000 500 0.003848
ST 210000 500 0.000432
SA 210000 500 0.002608
BWT 210000 500 0.002637
ST 210000 500 0.000416
SA 210000 500 0.002684
BWT 210000 500 0.002705
ST 210000 500 0.000428
SA 210000 500 0.002670
BWT 210000 500 0.002653
ST 210000 500 0.000439
SA 210000 500 0.002720
BWT 210000 500 0.002783
ST 210000 500 0.000435
SA 210000 500 0.002612
BWT 210000 500 0.003356
ST 210000 500 0.000440
SA 210000 500 0.002811
BWT 210000 500 0.002776
ST 210000 500 0.000429
SA 210000 500 0.002681
BWT 210000 500 0.002720
ST 210000 500 0.000420
SA 210000 500 0.002628
BWT 210000 500 0.002904
ST 210000 500 0.000429
SA 310000 100 0.001122
BWT 310000 100 0.000746
ST 310000 100 0.000259
SA 310000 100 0.001008
BWT 310000 100 0.000735
ST 310000 100 0.000268
SA 310000 100 0.000992
BWT 310000 100 0.000747
ST 310000 100 0.000248
SA 310000 100 0.000957
BWT 310000 100 0.000793
ST 310000 100 0.000255
SA 310000 100 0.000947
BWT 310000 100 0.000739
ST 310000 100 0.000253
SA 310000 100 0.000971
BWT 310000 100 0.000740
ST 310000 100 0.000240
SA 310000 100 0.001006
BWT 310000 100 0.000784
ST 310000 100 0.000264
SA 310000 100 0.000947
BWT 310000 100 0.000728
ST 310000 100 0.000254
SA 310000 100 0.001198
BWT 310000 100 0.000741
ST 310000 100 0.000247
SA 310000 100 0.000945
BWT 310000 100 0.000762
ST 310000 100 0.000252
SA 310000 200 0.001429
BWT 310000 200 0.001463
ST 310000 200 0.000311
SA 310000 200 0.001432
BWT 310000 200 0.001466
ST 310000 200 0.000302
SA 310000 200 0.001427
BWT 310000 200 0.001658
ST 310000 200 0.000297
SA 310000 200 0.001422
BWT 310000 200 0.001535
ST 310000 200 0.000301
SA 310000 200 0.001432
BWT 310000 200 0.001421
ST 310000 200 0.000296
SA 310000 200 0.001376
BWT 310000 200 0.001396
ST 310000 200 0.000301
SA 310000 200 0.001388
BWT 310000 200 0.001400
ST 310000 200 0.000294
SA 310000 200 0.001412
BWT 310000 200 0.001461
ST 310000 200 0.000297
SA 310000 200 0.001404
BWT 310000 200 0.001392
ST 310000 200 0.000296
SA 310000 200 0.001427
BWT 310000 200 0.001399
ST 310000 200 0.000307
SA 310000 300 0.001887
BWT 310000 300 0.002219
ST 310000 300 0.000388
SA 310000 300 0.001880
BWT 310000 300 0.002193
ST 310000 300 0.000351
SA 310000 300 0.001822
BWT 310000 300 0.002040
ST 310000 300 0.000343
SA 310000 300 0.001866
BWT 310000 300 0.002291
ST 310000 300 0.000354
SA 310000 300 0.001851
BWT 310000 300 0.002090
ST 310000 300 0.000358
SA 310000 300 0.001946
BWT 310000 300 0.002119
ST 310000 300 0.000344
SA 310000 300 0.001949
BWT 310000 300 0.002103
ST 310000 300 0.000356
SA 310000 300 0.002055
BWT 310000 300 0.002078
ST 310000 300 0.000348
SA 310000 300 0.001858
BWT 310000 300 0.002153
ST 310000 300 0.000346
SA 310000 300 0.001897
BWT 310000 300 0.002020
ST 310000 300 0.000351
SA 310000 400 0.002257
BWT 310000 400 0.002732
ST 310000 400 0.000399
SA 310000 400 0.002286
BWT 310000 400 0.002801
ST 310000 400 0.000394
SA 310000 400 0.002413
BWT 310000 400 0.002672
ST 310000 400 0.000391
SA 310000 400 0.002292
BWT 310000 400 0.002794
ST 310000 400 0.000388
SA 310000 400 0.002445
BWT 310000 400 0.002924
ST 310000 400 0.000396
SA 310000 400 0.002436
BWT 310000 400 0.002652
ST 310000 400 0.000388
SA 310000 400 0.002383
BWT 310000 400 0.002673
ST 310000 400 0.000389
SA 310000 400 0.002314
BWT 310000 400 0.003084
ST 310000 400 0.000399
SA 310000 400 0.002451
BWT 310000 400 0.003009
ST 310000 400 0.000401
SA 310000 400 0.002492
BWT 310000 400 0.002760
ST 310000 400 0.000398
SA 310000 500 0.002779
BWT 310000 500 0.004353
ST 310000 500 0.000449
SA 310000 500 0.002952
BWT 310000 500 0.003310
ST 310000 500 0.000450
SA 310000 500 0.002804
BWT 310000 500 0.004057
ST 310000 500 0.000447
SA 310000 500 0.002892
BWT 310000 500 0.003713
ST 310000 500 0.000443
SA 310000 500 0.002793
BWT 310000 500 0.003501
ST 310000 500 0.000447
SA 310000 500 0.002855
BWT 310000 500 0.003384
ST 310000 500 0.000438
SA 310000 500 0.002737
BWT 310000 500 0.003486
ST 310000 500 0.000441
SA 310000 500 0.002796
BWT 310000 500 0.003717
ST 310000 500 0.000457
SA 310000 500 0.002728
BWT 310000 500 0.003282
ST 310000 500 0.000480
SA 310000 500 0.002729
BWT 310000 500 0.003417
ST 310000 500 0.000445
SA 410000 100 0.001114
BWT 410000 100 0.000892
ST 410000 100 0.000270
SA 410000 100 0.000997
BWT 410000 100 0.000822
ST 410000 100 0.000259
SA 410000 100 0.001039
BWT 410000 100 0.000909
ST 410000 100 0.000268
SA 410000 100 0.001086
BWT 410000 100 0.000966
ST 410000 100 0.000371
SA 410000 100 0.002013
BWT 410000 100 0.001149
ST 410000 100 0.000263
SA 410000 100 0.001015
BWT 410000 100 0.001232
ST 410000 100 0.000259
SA 410000 100 0.000994
BWT 410000 100 0.000855
ST 410000 100 0.000257
SA 410000 100 0.001064
BWT 410000 100 0.000823
ST 410000 100 0.000262
SA 410000 100 0.001103
BWT 410000 100 0.000863
ST 410000 100 0.000285
SA 410000 100 0.001213
BWT 410000 100 0.000944
ST 410000 100 0.000331
SA 410000 200 0.001468
BWT 410000 200 0.001948
ST 410000 200 0.000311
SA 410000 200 0.001494
BWT 410000 200 0.001628
ST 410000 200 0.000306
SA 410000 200 0.001494
BWT 410000 200 0.001573
ST 410000 200 0.000308
SA 410000 200 0.001508
BWT 410000 200 0.001746
ST 410000 200 0.000308
SA 410000 200 0.001644
BWT 410000 200 0.001721
ST 410000 200 0.000306
SA 410000 200 0.001488
BWT 410000 200 0.001569
ST 410000 200 0.000308
SA 410000 200 0.001501
BWT 410000 200 0.001622
ST 410000 200 0.000313
SA 410000 200 0.001532
BWT 410000 200 0.001688
ST 410000 200 0.000303
SA 410000 200 0.001529
BWT 410000 200 0.001567
ST 410000 200 0.000301
SA 410000 200 0.001488
BWT 410000 200 0.001596
ST 410000 200 0.000302
SA 410000 300 0.002139
BWT 410000 300 0.002391
ST 410000 300 0.000363
SA 410000 300 0.001925
BWT 410000 300 0.003073
ST 410000 300 0.000385
SA 410000 300 0.002090
BWT 410000 300 0.002457
ST 410000 300 0.000352
SA 410000 300 0.002043
BWT 410000 300 0.002517
ST 410000 300 0.000363
SA 410000 300 0.002181
BWT 410000 300 0.003584
ST 410000 300 0.000452
SA 410000 300 0.001953
BWT 410000 300 0.002854
ST 410000 300 0.000437
SA 410000 300 0.002108
BWT 410000 300 0.003109
ST 410000 300 0.000424
SA 410000 300 0.002386
BWT 410000 300 0.002620
ST 410000 300 0.000381
SA 410000 300 0.002210
BWT 410000 300 0.002346
ST 410000 300 0.000382
SA 410000 300 0.002061
BWT 410000 300 0.002502
ST 410000 300 0.000360
SA 410000 400 0.002373
BWT 410000 400 0.003191
ST 410000 400 0.000405
SA 410000 400 0.002304
BWT 410000 400 0.003776
ST 410000 400 0.000407
SA 410000 400 0.002359
BWT 410000 400 0.003286
ST 410000 400 0.000408
SA 410000 400 0.002349
BWT 410000 400 0.003068
ST 410000 400 0.000403
SA 410000 400 0.002379
BWT 410000 400 0.003084
ST 410000 400 0.000404
SA 410000 400 0.002379
BWT 410000 400 0.003481
ST 410000 400 0.000396
SA 410000 400 0.002401
BWT 410000 400 0.003169
ST 410000 400 0.000407
SA 410000 400 0.002356
BWT 410000 400 0.003274
ST 410000 400 0.000407
SA 410000 400 0.002313
BWT 410000 400 0.003473
ST 410000 400 0.000414
SA 410000 400 0.002369
BWT 410000 400 0.003275
ST 410000 400 0.000406
SA 410000 500 0.002862
BWT 410000 500 0.003887
ST 410000 500 0.000449
SA 410000 500 0.002763
BWT 410000 500 0.004467
ST 410000 500 0.000450
SA 410000 500 0.002853
BWT 410000 500 0.003856
ST 410000 500 0.000453
SA 410000 500 0.002792
BWT 410000 500 0.003874
ST 410000 500 0.000457
SA 410000 500 0.002790
BWT 410000 500 0.004099
ST 410000 500 0.000449
SA 410000 500 0.002857
BWT 410000 500 0.003878
ST 410000 500 0.000460
SA 410000 500 0.002811
BWT 410000 500 0.003903
ST 410000 500 0.000449
SA 410000 500 0.002802
BWT 410000 500 0.004439
ST 410000 500 0.000454
SA 410000 500 0.002826
BWT 410000 500 0.004711
ST 410000 500 0.000449
SA 410000 500 0.002979
BWT 410000 500 0.003916
ST 410000 500 0.000443
SA 510000 100 0.001192
BWT 510000 100 0.000899
ST 510000 100 0.000273
SA 510000 100 0.001141
BWT 510000 100 0.000895
ST 510000 100 0.000304
SA 510000 100 0.001110
BWT 510000 100 0.000885
ST 510000 100 0.000262
SA 510000 100 0.001113
BWT 510000 100 0.000884
ST 510000 100 0.000267
SA 510000 100 0.001114
BWT 510000 100 0.000948
ST 510000 100 0.000274
SA 510000 100 0.001109
BWT 510000 100 0.000905
ST 510000 100 0.000276
SA 510000 100 0.001118
BWT 510000 100 0.000897
ST 510000 100 0.000267
SA 510000 100 0.001108
BWT 510000 100 0.000907
ST 510000 100 0.000276
SA 510000 100 0.001115
BWT 510000 100 0.000892
ST 510000 100 0.000263
SA 510000 100 0.001105
BWT 510000 100 0.000951
ST 510000 100 0.000361
SA 510000 200 0.001526
BWT 510000 200 0.002092
ST 510000 200 0.000342
SA 510000 200 0.001544
BWT 510000 200 0.001707
ST 510000 200 0.000312
SA 510000 200 0.001626
BWT 510000 200 0.001742
ST 510000 200 0.000317
SA 510000 200 0.001530
BWT 510000 200 0.001796
ST 510000 200 0.000317
SA 510000 200 0.001702
BWT 510000 200 0.001787
ST 510000 200 0.000321
SA 510000 200 0.001502
BWT 510000 200 0.001812
ST 510000 200 0.000310
SA 510000 200 0.001563
BWT 510000 200 0.001798
ST 510000 200 0.000321
SA 510000 200 0.001543
BWT 510000 200 0.001699
ST 510000 200 0.000337
SA 510000 200 0.001790
BWT 510000 200 0.001774
ST 510000 200 0.000316
SA 510000 200 0.001572
BWT 510000 200 0.001681
ST 510000 200 0.000332
SA 510000 300 0.002355
BWT 510000 300 0.002625
ST 510000 300 0.000367
SA 510000 300 0.002028
BWT 510000 300 0.002686
ST 510000 300 0.000369
SA 510000 300 0.001994
BWT 510000 300 0.002556
ST 510000 300 0.000364
SA 510000 300 0.002020
BWT 510000 300 0.002514
ST 510000 300 0.000373
SA 510000 300 0.001993
BWT 510000 300 0.002732
ST 510000 300 0.000372
SA 510000 300 0.002054
BWT 510000 300 0.002590
ST 510000 300 0.000371
SA 510000 300 0.002017
BWT 510000 300 0.002594
ST 510000 300 0.000372
SA 510000 300 0.001970
BWT 510000 300 0.002797
ST 510000 300 0.000371
SA 510000 300 0.001975
BWT 510000 300 0.002573
ST 510000 300 0.000376
SA 510000 300 0.001990
BWT 510000 300 0.002521
ST 510000 300 0.000372
SA 510000 400 0.002409
BWT 510000 400 0.003373
ST 510000 400 0.000417
SA 510000 400 0.002493
BWT 510000 400 0.003333
ST 510000 400 0.000419
SA 510000 400 0.002444
BWT 510000 400 0.003420
ST 510000 400 0.000419
SA 510000 400 0.002483
BWT 510000 400 0.003320
ST 510000 400 0.000405
SA 510000 400 0.002418
BWT 510000 400 0.003345
ST 510000 400 0.000402
SA 510000 400 0.002409
BWT 510000 400 0.003311
ST 510000 400 0.000412
SA 510000 400 0.002410
BWT 510000 400 0.003306
ST 510000 400 0.000414
SA 510000 400 0.002658
BWT 510000 400 0.003357
ST 510000 400 0.000413
SA 510000 400 0.002488
BWT 510000 400 0.003643
ST 510000 400 0.000418
SA 510000 400 0.002461
BWT 510000 400 0.003460
ST 510000 400 0.000415
SA 510000 500 0.002853
BWT 510000 500 0.004200
ST 510000 500 0.000470
SA 510000 500 0.002848
BWT 510000 500 0.004155
ST 510000 500 0.000460
SA 510000 500 0.002876
BWT 510000 500 0.004186
ST 510000 500 0.000467
SA 510000 500 0.002856
BWT 510000 500 0.004194
ST 510000 500 0.000469
SA 510000 500 0.003033
BWT 510000 500 0.004291
ST 510000 500 0.000461
SA 510000 500 0.002901
BWT 510000 500 0.004400
ST 510000 500 0.000467
SA 510000 500 0.002848
BWT 510000 500 0.004138
ST 510000 500 0.000469
SA 510000 500 0.002836
BWT 510000 500 0.004232
ST 510000 500 0.000470
SA 510000 500 0.002850
BWT 510000 500 0.004272
ST 510000 500 0.000460
SA 510000 500 0.003125
BWT 510000 500 0.004192
ST 510000 500 0.000464
SA 610000 100 0.001201
BWT 610000 100 0.000918
ST 610000 100 0.000270
SA 610000 100 0.001137
BWT 610000 100 0.000918
ST 610000 100 0.000273
SA 610000 100 0.001165
BWT 610000 100 0.000964
ST 610000 100 0.000279
SA 610000 100 0.001161
BWT 610000 100 0.000912
ST 610000 100 0.000273
SA 610000 100 0.001167
BWT 610000 100 0.001055
ST 610000 100 0.000269
SA 610000 100 0.001173
BWT 610000 100 0.000926
ST 610000 100 0.000275
SA 610000 100 0.001147
BWT 610000 100 0.000922
ST 610000 100 0.000277
SA 610000 100 0.001152
BWT 610000 100 0.000928
ST 610000 100 0.000280
SA 610000 100 0.001170
BWT 610000 100 0.000917
ST 610000 100 0.000279
SA 610000 100 0.001176
BWT 610000 100 0.000941
ST 610000 100 0.000276
SA 610000 200 0.001610
BWT 610000 200 0.001770
ST 610000 200 0.000325
SA 610000 200 0.001592
BWT 610000 200 0.001818
ST 610000 200 0.000327
SA 610000 200 0.001587
BWT 610000 200 0.001854
ST 610000 200 0.000319
SA 610000 200 0.001586
BWT 610000 200 0.001787
ST 610000 200 0.000321
SA 610000 200 0.001595
BWT 610000 200 0.001840
ST 610000 200 0.000315
SA 610000 200 0.001672
BWT 610000 200 0.001815
ST 610000 200 0.000322
SA 610000 200 0.001601
BWT 610000 200 0.001755
ST 610000 200 0.000320
SA 610000 200 0.001598
BWT 610000 200 0.001805
ST 610000 200 0.000329
SA 610000 200 0.001579
BWT 610000 200 0.001913
ST 610000 200 0.000321
SA 610000 200 0.001590
BWT 610000 200 0.001776
ST 610000 200 0.000322
SA 610000 300 0.002040
BWT 610000 300 0.002788
ST 610000 300 0.000398
SA 610000 300 0.002042
BWT 610000 300 0.002676
ST 610000 300 0.000372
SA 610000 300 0.002041
BWT 610000 300 0.002611
ST 610000 300 0.000394
SA 610000 300 0.002156
BWT 610000 300 0.002626
ST 610000 300 0.000395
SA 610000 300 0.002041
BWT 610000 300 0.002619
ST 610000 300 0.000373
SA 610000 300 0.002057
BWT 610000 300 0.002743
ST 610000 300 0.000369
SA 610000 300 0.002073
BWT 610000 300 0.002616
ST 610000 300 0.000378
SA 610000 300 0.002074
BWT 610000 300 0.002658
ST 610000 300 0.000369
SA 610000 300 0.002026
BWT 610000 300 0.002619
ST 610000 300 0.000384
SA 610000 300 0.002040
BWT 610000 300 0.002825
ST 610000 300 0.000384
SA 610000 400 0.002485
BWT 610000 400 0.003492
ST 610000 400 0.000434
SA 610000 400 0.002436
BWT 610000 400 0.003515
ST 610000 400 0.000420
SA 610000 400 0.002456
BWT 610000 400 0.003780
ST 610000 400 0.000439
SA 610000 400 0.002488
BWT 610000 400 0.003458
ST 610000 400 0.000407
SA 610000 400 0.002511
BWT 610000 400 0.003468
ST 610000 400 0.000413
SA 610000 400 0.002487
BWT 610000 400 0.003539
ST 610000 400 0.000416
SA 610000 400 0.002490
BWT 610000 400 0.003437
ST 610000 400 0.000424
SA 610000 400 0.002453
BWT 610000 400 0.003478
ST 610000 400 0.000413
SA 610000 400 0.002466
BWT 610000 400 0.003411
ST 610000 400 0.000417
SA 610000 400 0.002476
BWT 610000 400 0.003423
ST 610000 400 0.000413
SA 610000 500 0.003046
BWT 610000 500 0.004236
ST 610000 500 0.000478
SA 610000 500 0.002907
BWT 610000 500 0.004327
ST 610000 500 0.000523
SA 610000 500 0.002964
BWT 610000 500 0.004476
ST 610000 500 0.000476
SA 610000 500 0.002941
BWT 610000 500 0.004200
ST 610000 500 0.000467
SA 610000 500 0.002904
BWT 610000 500 0.004291
ST 610000 500 0.000467
SA 610000 500 0.002953
BWT 610000 500 0.004411
ST 610000 500 0.000467
SA 610000 500 0.002881
BWT 610000 500 0.004280
ST 610000 500 0.000472
SA 610000 500 0.002924
BWT 610000 500 0.004357
ST 610000 500 0.000468
SA 610000 500 0.002975
BWT 610000 500 0.004246
ST 610000 500 0.000467
SA 610000 500 0.002895
BWT 610000 500 0.004423
ST 610000 500 0.000473
SA 710000 100 0.001278
BWT 710000 100 0.000947
ST 710000 100 0.000291
SA 710000 100 0.001211
BWT 710000 100 0.000949
ST 710000 100 0.000273
SA 710000 100 0.001210
BWT 710000 100 0.000962
ST 710000 100 0.000283
SA 710000 100 0.001200
BWT 710000 100 0.000944
ST 710000 100 0.000286
SA 710000 100 0.001230
BWT 710000 100 0.000955
ST 710000 100 0.000290
SA 710000 100 0.001240
BWT 710000 100 0.000954
ST 710000 100 0.000275
SA 710000 100 0.001217
BWT 710000 100 0.000948
ST 710000 100 0.000280
SA 710000 100 0.001200
BWT 710000 100 0.000952
ST 710000 100 0.000280
SA 710000 100 0.001204
BWT 710000 100 0.000945
ST 710000 100 0.000274
SA 710000 100 0.001208
BWT 710000 100 0.001001
ST 710000 100 0.000279
SA 710000 200 0.001798
BWT 710000 200 0.001878
ST 710000 200 0.000324
SA 710000 200 0.001637
BWT 710000 200 0.001929
ST 710000 200 0.000329
SA 710000 200 0.001636
BWT 710000 200 0.001869
ST 710000 200 0.000330
SA 710000 200 0.001647
BWT 710000 200 0.001892
ST 710000 200 0.000328
SA 710000 200 0.001654
BWT 710000 200 0.001825
ST 710000 200 0.000328
SA 710000 200 0.001648
BWT 710000 200 0.001885
ST 710000 200 0.000327
SA 710000 200 0.001709
BWT 710000 200 0.001821
ST 710000 200 0.000366
SA 710000 200 0.001549
BWT 710000 200 0.001857
ST 710000 200 0.000490
SA 710000 200 0.001814
BWT 710000 200 0.001962
ST 710000 200 0.000646
SA 710000 200 0.002015
BWT 710000 200 0.003032
ST 710000 200 0.000331
SA 710000 300 0.002255
BWT 710000 300 0.003208
ST 710000 300 0.000533
SA 710000 300 0.002380
BWT 710000 300 0.003531
ST 710000 300 0.000735
SA 710000 300 0.002158
BWT 710000 300 0.003196
ST 710000 300 0.000383
SA 710000 300 0.002145
BWT 710000 300 0.002958
ST 710000 300 0.000404
SA 710000 300 0.002687
BWT 710000 300 0.003536
ST 710000 300 0.000392
SA 710000 300 0.002255
BWT 710000 300 0.003100
ST 710000 300 0.000407
SA 710000 300 0.002017
BWT 710000 300 0.002767
ST 710000 300 0.000412
SA 710000 300 0.002069
BWT 710000 300 0.003002
ST 710000 300 0.000387
SA 710000 300 0.002258
BWT 710000 300 0.002797
ST 710000 300 0.000390
SA 710000 300 0.002115
BWT 710000 300 0.003008
ST 710000 300 0.000371
SA 710000 400 0.002574
BWT 710000 400 0.003899
ST 710000 400 0.000458
SA 710000 400 0.002941
BWT 710000 400 0.004612
ST 710000 400 0.000476
SA 710000 400 0.005165
BWT 710000 400 0.004988
ST 710000 400 0.000450
SA 710000 400 0.002711
BWT 710000 400 0.004098
ST 710000 400 0.000436
SA 710000 400 0.003079
BWT 710000 400 0.003686
ST 710000 400 0.000426
SA 710000 400 0.002698
BWT 710000 400 0.003761
ST 710000 400 0.000774
SA 710000 400 0.002925
BWT 710000 400 0.007270
ST 710000 400 0.000465
SA 710000 400 0.002601
BWT 710000 400 0.003953
ST 710000 400 0.000511
SA 710000 400 0.002581
BWT 710000 400 0.003710
ST 710000 400 0.000458
SA 710000 400 0.002716
BWT 710000 400 0.003970
ST 710000 400 0.000446
SA 710000 500 0.002981
BWT 710000 500 0.004387
ST 710000 500 0.000479
SA 710000 500 0.003080
BWT 710000 500 0.004417
ST 710000 500 0.000477
SA 710000 500 0.002936
BWT 710000 500 0.004526
ST 710000 500 0.000482
SA 710000 500 0.002927
BWT 710000 500 0.004548
ST 710000 500 0.000464
SA 710000 500 0.002937
BWT 710000 500 0.004546
ST 710000 500 0.000534
SA 710000 500 0.002989
BWT 710000 500 0.004620
ST 710000 500 0.000499
SA 710000 500 0.002952
BWT 710000 500 0.006422
ST 710000 500 0.000726
SA 710000 500 0.003500
BWT 710000 500 0.006195
ST 710000 500 0.000483
SA 710000 500 0.003153
BWT 710000 500 0.004900
ST 710000 500 0.000475
SA 710000 500 0.002995
BWT 710000 500 0.004575
ST 710000 500 0.000466
SA 810000 100 0.001480
BWT 810000 100 0.000970
ST 810000 100 0.000291
SA 810000 100 0.001237
BWT 810000 100 0.001193
ST 810000 100 0.000317
SA 810000 100 0.001246
BWT 810000 100 0.001177
ST 810000 100 0.000291
SA 810000 100 0.001296
BWT 810000 100 0.001256
ST 810000 100 0.000283
SA 810000 100 0.001256
BWT 810000 100 0.000975
ST 810000 100 0.000291
SA 810000 100 0.001242
BWT 810000 100 0.001188
ST 810000 100 0.000282
SA 810000 100 0.001237
BWT 810000 100 0.001197
ST 810000 100 0.000308
SA 810000 100 0.001421
BWT 810000 100 0.001271
ST 810000 100 0.000307
SA 810000 100 0.001662
BWT 810000 100 0.000969
ST 810000 100 0.000329
SA 810000 100 0.001506
BWT 810000 100 0.001185
ST 810000 100 0.000291
SA 810000 200 0.001687
BWT 810000 200 0.002028
ST 810000 200 0.000368
SA 810000 200 0.001669
BWT 810000 200 0.001888
ST 810000 200 0.000328
SA 810000 200 0.001955
BWT 810000 200 0.002010
ST 810000 200 0.000335
SA 810000 200 0.001711
BWT 810000 200 0.002098
ST 810000 200 0.000330
SA 810000 200 0.001672
BWT 810000 200 0.002393
ST 810000 200 0.000386
SA 810000 200 0.001862
BWT 810000 200 0.002414
ST 810000 200 0.000398
SA 810000 200 0.001603
BWT 810000 200 0.001977
ST 810000 200 0.000338
SA 810000 200 0.001743
BWT 810000 200 0.001886
ST 810000 200 0.000336
SA 810000 200 0.001674
BWT 810000 200 0.001883
ST 810000 200 0.000339
SA 810000 200 0.001699
BWT 810000 200 0.002555
ST 810000 200 0.000329
SA 810000 300 0.002292
BWT 810000 300 0.003020
ST 810000 300 0.000458
SA 810000 300 0.002078
BWT 810000 300 0.003203
ST 810000 300 0.000466
SA 810000 300 0.002120
BWT 810000 300 0.002954
ST 810000 300 0.000441
SA 810000 300 0.002175
BWT 810000 300 0.002854
ST 810000 300 0.000423
SA 810000 300 0.002214
BWT 810000 300 0.003744
ST 810000 300 0.000389
SA 810000 300 0.002080
BWT 810000 300 0.002890
ST 810000 300 0.000382
SA 810000 300 0.002120
BWT 810000 300 0.002793
ST 810000 300 0.000380
SA 810000 300 0.002157
BWT 810000 300 0.003295
ST 810000 300 0.000414
SA 810000 300 0.002131
BWT 810000 300 0.003559
ST 810000 300 0.000386
SA 810000 300 0.002129
BWT 810000 300 0.003162
ST 810000 300 0.000386
SA 810000 400 0.002670
BWT 810000 400 0.003706
ST 810000 400 0.000434
SA 810000 400 0.002551
BWT 810000 400 0.004481
ST 810000 400 0.000466
SA 810000 400 0.002822
BWT 810000 400 0.003864
ST 810000 400 0.000434
SA 810000 400 0.002645
BWT 810000 400 0.003839
ST 810000 400 0.000431
SA 810000 400 0.002632
BWT 810000 400 0.003847
ST 810000 400 0.000504
SA 810000 400 0.002617
BWT 810000 400 0.003779
ST 810000 400 0.000428
SA 810000 400 0.002559
BWT 810000 400 0.004983
ST 810000 400 0.000434
SA 810000 400 0.002553
BWT 810000 400 0.004695
ST 810000 400 0.000431
SA 810000 400 0.002541
BWT 810000 400 0.004518
ST 810000 400 0.000429
SA 810000 400 0.002553
BWT 810000 400 0.003692
ST 810000 400 0.000466
SA 810000 500 0.003101
BWT 810000 500 0.005624
ST 810000 500 0.000548
SA 810000 500 0.003319
BWT 810000 500 0.004979
ST 810000 500 0.000478
SA 810000 500 0.003065
BWT 810000 500 0.005669
ST 810000 500 0.000483
SA 810000 500 0.003007
BWT 810000 500 0.004967
ST 810000 500 0.000471
SA 810000 500 0.002977
BWT 810000 500 0.005286
ST 810000 500 0.000481
SA 810000 500 0.002989
BWT 810000 500 0.005731
ST 810000 500 0.000468
SA 810000 500 0.003018
BWT 810000 500 0.006384
ST 810000 500 0.000470
SA 810000 500 0.003009
BWT 810000 500 0.006512
ST 810000 500 0.000478
SA 810000 500 0.003053
BWT 810000 500 0.004677
ST 810000 500 0.000544
SA 810000 500 0.003195
BWT 810000 500 0.005738
ST 810000 500 0.000782
SA 910000 100 0.001336
BWT 910000 100 0.001012
ST 910000 100 0.000352
SA 910000 100 0.001404
BWT 910000 100 0.001216
ST 910000 100 0.000344
SA 910000 100 0.001246
BWT 910000 100 0.001172
ST 910000 100 0.000346
SA 910000 100 0.001579
BWT 910000 100 0.001087
ST 910000 100 0.000309
SA 910000 100 0.001343
BWT 910000 100 0.000998
ST 910000 100 0.000329
SA 910000 100 0.001267
BWT 910000 100 0.001184
ST 910000 100 0.000291
SA 910000 100 0.001284
BWT 910000 100 0.000996
ST 910000 100 0.000301
SA 910000 100 0.001349
BWT 910000 100 0.001430
ST 910000 100 0.000295
SA 910000 100 0.001551
BWT 910000 100 0.001191
ST 910000 100 0.000292
SA 910000 100 0.001274
BWT 910000 100 0.001078
ST 910000 100 0.000359
SA 910000 200 0.001955
BWT 910000 200 0.001941
ST 910000 200 0.000406
SA 910000 200 0.001722
BWT 910000 200 0.002371
ST 910000 200 0.000341
SA 910000 200 0.001841
BWT 910000 200 0.001941
ST 910000 200 0.000337
SA 910000 200 0.001722
BWT 910000 200 0.002359
ST 910000 200 0.000347
SA 910000 200 0.001712
BWT 910000 200 0.002403
ST 910000 200 0.000357
SA 910000 200 0.001708
BWT 910000 200 0.003479
ST 910000 200 0.000339
SA 910000 200 0.001709
BWT 910000 200 0.001913
ST 910000 200 0.000341
SA 910000 200 0.001727
BWT 910000 200 0.002033
ST 910000 200 0.000402
SA 910000 200 0.001727
BWT 910000 200 0.001945
ST 910000 200 0.000362
SA 910000 200 0.001759
BWT 910000 200 0.002614
ST 910000 200 0.000340
SA 910000 300 0.002170
BWT 910000 300 0.003806
ST 910000 300 0.000387
SA 910000 300 0.002169
BWT 910000 300 0.003329
ST 910000 300 0.000462
SA 910000 300 0.002582
BWT 910000 300 0.002898
ST 910000 300 0.000505
SA 910000 300 0.002522
BWT 910000 300 0.002893
ST 910000 300 0.000407
SA 910000 300 0.002162
BWT 910000 300 0.003870
ST 910000 300 0.000396
SA 910000 300 0.002199
BWT 910000 300 0.002955
ST 910000 300 0.000405
SA 910000 300 0.002082
BWT 910000 300 0.002860
ST 910000 300 0.000402
SA 910000 300 0.002294
BWT 910000 300 0.003910
ST 910000 300 0.000404
SA 910000 300 0.002154
BWT 910000 300 0.003006
ST 910000 300 0.000401
SA 910000 300 0.002148
BWT 910000 300 0.003712
ST 910000 300 0.000398
SA 910000 400 0.002623
BWT 910000 400 0.004114
ST 910000 400 0.000508
SA 910000 400 0.002587
BWT 910000 400 0.003770
ST 910000 400 0.000441
SA 910000 400 0.002599
BWT 910000 400 0.003838
ST 910000 400 0.000475
SA 910000 400 0.002557
BWT 910000 400 0.004046
ST 910000 400 0.000514
SA 910000 400 0.003035
BWT 910000 400 0.004018
ST 910000 400 0.000433
SA 910000 400 0.002589
BWT 910000 400 0.003807
ST 910000 400 0.000526
SA 910000 400 0.003560
BWT 910000 400 0.004112
ST 910000 400 0.000438
SA 910000 400 0.002616
BWT 910000 400 0.004204
ST 910000 400 0.000450
SA 910000 400 0.002616
BWT 910000 400 0.004208
ST 910000 400 0.000445
SA 910000 400 0.002609
BWT 910000 400 0.003976
ST 910000 400 0.000441
SA 910000 500 0.003009
BWT 910000 500 0.004757
ST 910000 500 0.000481
SA 910000 500 0.003016
BWT 910000 500 0.004796
ST 910000 500 0.000500
SA 910000 500 0.003013
BWT 910000 500 0.005148
ST 910000 500 0.000486
SA 910000 500 0.003002
BWT 910000 500 0.004850
ST 910000 500 0.000496
SA 910000 500 0.003023
BWT 910000 500 0.004800
ST 910000 500 0.000558
SA 910000 500 0.003270
BWT 910000 500 0.004896
ST 910000 500 0.000495
SA 910000 500 0.003132
BWT 910000 500 0.004849
ST 910000 500 0.000571
SA 910000 500 0.003106
BWT 910000 500 0.004902
ST 910000 500 0.000527
SA 910000 500 0.003973
BWT 910000 500 0.005047
ST 910000 500 0.000527
SA 910000 500 0.002991
BWT 910000 500 0.004757
ST 910000 500 0.000544
SA 1010000 100 0.001536
BWT 1010000 100 0.001094
ST 1010000 100 0.000328
SA 1010000 100 0.001487
BWT 1010000 100 0.002809
ST 1010000 100 0.000302
SA 1010000 100 0.001309
BWT 1010000 100 0.001255
ST 1010000 100 0.000307
SA 1010000 100 0.001310
BWT 1010000 100 0.001106
ST 1010000 100 0.000306
SA 1010000 100 0.001410
BWT 1010000 100 0.000998
ST 1010000 100 0.000340
SA 1010000 100 0.001306
BWT 1010000 100 0.001090
ST 1010000 100 0.000292
SA 1010000 100 0.001311
BWT 1010000 100 0.001006
ST 1010000 100 0.000336
SA 1010000 100 0.001315
BWT 1010000 100 0.001055
ST 1010000 100 0.000295
SA 1010000 100 0.001318
BWT 1010000 100 0.001042
ST 1010000 100 0.000296
SA 1010000 100 0.001426
BWT 1010000 100 0.001064
ST 1010000 100 0.000328
SA 1010000 200 0.002040
BWT 1010000 200 0.002421
ST 1010000 200 0.000366
SA 1010000 200 0.001812
BWT 1010000 200 0.001998
ST 1010000 200 0.000370
SA 1010000 200 0.001884
BWT 1010000 200 0.002020
ST 1010000 200 0.000455
SA 1010000 200 0.001806
BWT 1010000 200 0.002350
ST 1010000 200 0.000354
SA 1010000 200 0.001851
BWT 1010000 200 0.002025
ST 1010000 200 0.000371
SA 1010000 200 0.001819
BWT 1010000 200 0.001952
ST 1010000 200 0.000367
SA 1010000 200 0.001673
BWT 1010000 200 0.002254
ST 1010000 200 0.000507
SA 1010000 200 0.002015
BWT 1010000 200 0.002793
ST 1010000 200 0.000679
SA 1010000 200 0.001749
BWT 1010000 200 0.003338
ST 1010000 200 0.000425
SA 1010000 200 0.001803
BWT 1010000 200 0.002039
ST 1010000 200 0.000861
SA 1010000 300 0.002370
BWT 1010000 300 0.003988
ST 1010000 300 0.000528
SA 1010000 300 0.003244
BWT 1010000 300 0.003210
ST 1010000 300 0.000476
SA 1010000 300 0.002222
BWT 1010000 300 0.003156
ST 1010000 300 0.000451
SA 1010000 300 0.002529
BWT 1010000 300 0.003876
ST 1010000 300 0.000466
SA 1010000 300 0.002176
BWT 1010000 300 0.003020
ST 1010000 300 0.000409
SA 1010000 300 0.002276
BWT 1010000 300 0.003176
ST 1010000 300 0.000739
SA 1010000 300 0.003043
BWT 1010000 300 0.003257
ST 1010000 300 0.000665
SA 1010000 300 0.002630
BWT 1010000 300 0.003151
ST 1010000 300 0.000525
SA 1010000 300 0.002529
BWT 1010000 300 0.003473
ST 1010000 300 0.000454
SA 1010000 300 0.002184
BWT 1010000 300 0.003131
ST 1010000 300 0.000455
SA 1010000 400 0.003146
BWT 1010000 400 0.004310
ST 1010000 400 0.000517
SA 1010000 400 0.002597
BWT 1010000 400 0.004482
ST 1010000 400 0.000531
SA 1010000 400 0.002826
BWT 1010000 400 0.005616
ST 1010000 400 0.000485
SA 1010000 400 0.002823
BWT 1010000 400 0.008549
ST 1010000 400 0.000605
SA 1010000 400 0.002898
BWT 1010000 400 0.004643
ST 1010000 400 0.000591
SA 1010000 400 0.002866
BWT 1010000 400 0.004136
ST 1010000 400 0.000603
SA 1010000 400 0.002744
BWT 1010000 400 0.005567
ST 1010000 400 0.000869
SA 1010000 400 0.004109
BWT 1010000 400 0.004306
ST 1010000 400 0.000513
SA 1010000 400 0.002798
BWT 1010000 400 0.004410
ST 1010000 400 0.000516
SA 1010000 400 0.003010
BWT 1010000 400 0.004326
ST 1010000 400 0.000446
SA 1010000 500 0.003060
BWT 1010000 500 0.004899
ST 1010000 500 0.000509
SA 1010000 500 0.003188
BWT 1010000 500 0.008251
ST 1010000 500 0.000491
SA 1010000 500 0.003092
BWT 1010000 500 0.008465
ST 1010000 500 0.000491
SA 1010000 500 0.003088
BWT 1010000 500 0.004675
ST 1010000 500 0.000498
SA 1010000 500 0.003047
BWT 1010000 500 0.008448
ST 1010000 500 0.000704
SA 1010000 500 0.004583
BWT 1010000 500 0.005947
ST 1010000 500 0.000599
SA 1010000 500 0.003317
BWT 1010000 500 0.005193
ST 1010000 500 0.000510
SA 1010000 500 0.003381
BWT 1010000 500 0.008067
ST 1010000 500 0.000833
SA 1010000 500 0.004071
BWT 1010000 500 0.007110
ST 1010000 500 0.001159
SA 1010000 500 0.003301
BWT 1010000 500 0.005017
ST 1010000 500 0.001103
SA 1110000 100 0.001455
BWT 1110000 100 0.001334
ST 1110000 100 0.000418
SA 1110000 100 0.001475
BWT 1110000 100 0.001077
ST 1110000 100 0.000367
SA 1110000 100 0.001658
BWT 1110000 100 0.001151
ST 1110000 100 0.000690
SA 1110000 100 0.001521
BWT 1110000 100 0.001047
ST 1110000 100 0.000726
SA 1110000 100 0.001680
BWT 1110000 100 0.001114
ST 1110000 100 0.000359
SA 1110000 100 0.001323
BWT 1110000 100 0.001046
ST 1110000 100 0.000330
SA 1110000 100 0.001405
BWT 1110000 100 0.001040
ST 1110000 100 0.000308
SA 1110000 100 0.001264
BWT 1110000 100 0.001122
ST 1110000 100 0.000303
SA 1110000 100 0.001275
BWT 1110000 100 0.001057
ST 1110000 100 0.000314
SA 1110000 100 0.001352
BWT 1110000 100 0.001051
ST 1110000 100 0.000310
SA 1110000 200 0.001712
BWT 1110000 200 0.001974
ST 1110000 200 0.000358
SA 1110000 200 0.001705
BWT 1110000 200 0.003393
ST 1110000 200 0.000357
SA 1110000 200 0.001696
BWT 1110000 200 0.002995
ST 1110000 200 0.000355
SA 1110000 200 0.001709
BWT 1110000 200 0.002288
ST 1110000 200 0.000390
SA 1110000 200 0.001710
BWT 1110000 200 0.001973
ST 1110000 200 0.000368
SA 1110000 200 0.001764
BWT 1110000 200 0.003136
ST 1110000 200 0.000415
SA 1110000 200 0.002185
BWT 1110000 200 0.003318
ST 1110000 200 0.000451
SA 1110000 200 0.001917
BWT 1110000 200 0.002050
ST 1110000 200 0.000465
SA 1110000 200 0.002120
BWT 1110000 200 0.002095
ST 1110000 200 0.000374
SA 1110000 200 0.001694
BWT 1110000 200 0.002160
ST 1110000 200 0.000372
SA 1110000 300 0.002152
BWT 1110000 300 0.003308
ST 1110000 300 0.000443
SA 1110000 300 0.002324
BWT 1110000 300 0.003040
ST 1110000 300 0.000460
SA 1110000 300 0.002159
BWT 1110000 300 0.003327
ST 1110000 300 0.000439
SA 1110000 300 0.002239
BWT 1110000 300 0.005203
ST 1110000 300 0.000419
SA 1110000 300 0.002155
BWT 1110000 300 0.004848
ST 1110000 300 0.000420
SA 1110000 300 0.002148
BWT 1110000 300 0.004482
ST 1110000 300 0.000414
SA 1110000 300 0.002145
BWT 1110000 300 0.004692
ST 1110000 300 0.000455
SA 1110000 300 0.002153
BWT 1110000 300 0.004622
ST 1110000 300 0.000459
SA 1110000 300 0.002126
BWT 1110000 300 0.003046
ST 1110000 300 0.000403
SA 1110000 300 0.002132
BWT 1110000 300 0.005116
ST 1110000 300 0.000420
SA 1110000 400 0.002576
BWT 1110000 400 0.005452
ST 1110000 400 0.000454
SA 1110000 400 0.002608
BWT 1110000 400 0.004100
ST 1110000 400 0.000462
SA 1110000 400 0.003088
BWT 1110000 400 0.003839
ST 1110000 400 0.000454
SA 1110000 400 0.002574
BWT 1110000 400 0.006876
ST 1110000 400 0.000459
SA 1110000 400 0.002653
BWT 1110000 400 0.005069
ST 1110000 400 0.000456
SA 1110000 400 0.002654
BWT 1110000 400 0.006084
ST 1110000 400 0.000464
SA 1110000 400 0.002572
BWT 1110000 400 0.006348
ST 1110000 400 0.000703
SA 1110000 400 0.002590
BWT 1110000 400 0.005085
ST 1110000 400 0.000448
SA 1110000 400 0.002569
BWT 1110000 400 0.006725
ST 1110000 400 0.000467
SA 1110000 400 0.002572
BWT 1110000 400 0.006409
ST 1110000 400 0.000460
SA 1110000 500 0.003057
BWT 1110000 500 0.007715
ST 1110000 500 0.000510
SA 1110000 500 0.003002
BWT 1110000 500 0.007004
ST 1110000 500 0.000514
SA 1110000 500 0.003027
BWT 1110000 500 0.007108
ST 1110000 500 0.000509
SA 1110000 500 0.003016
BWT 1110000 500 0.007501
ST 1110000 500 0.000503
SA 1110000 500 0.003026
BWT 1110000 500 0.007468
ST 1110000 500 0.000508
SA 1110000 500 0.002991
BWT 1110000 500 0.007419
ST 1110000 500 0.000507
SA 1110000 500 0.003110
BWT 1110000 500 0.007729
ST 1110000 500 0.000500
SA 1110000 500 0.003045
BWT 1110000 500 0.007580
ST 1110000 500 0.000494
SA 1110000 500 0.003134
BWT 1110000 500 0.007591
ST 1110000 500 0.000502
SA 1110000 500 0.003008
BWT 1110000 500 0.007609
ST 1110000 500 0.000510
SA 1210000 100 0.001309
BWT 1210000 100 0.001763
ST 1210000 100 0.000326
SA 1210000 100 0.001292
BWT 1210000 100 0.001040
ST 1210000 100 0.000357
SA 1210000 100 0.001333
BWT 1210000 100 0.001186
ST 1210000 100 0.000400
SA 1210000 100 0.001299
BWT 1210000 100 0.001301
ST 1210000 100 0.000329
SA 1210000 100 0.001294
BWT 1210000 100 0.001407
ST 1210000 100 0.000324
SA 1210000 100 0.001339
BWT 1210000 100 0.001368
ST 1210000 100 0.000320
SA 1210000 100 0.001294
BWT 1210000 100 0.001583
ST 1210000 100 0.000321
SA 1210000 100 0.001292
BWT 1210000 100 0.001355
ST 1210000 100 0.000313
SA 1210000 100 0.001301
BWT 1210000 100 0.001218
ST 1210000 100 0.000339
SA 1210000 100 0.001436
BWT 1210000 100 0.001444
ST 1210000 100 0.000327
SA 1210000 200 0.001748
BWT 1210000 200 0.002671
ST 1210000 200 0.000378
SA 1210000 200 0.001723
BWT 1210000 200 0.002897
ST 1210000 200 0.000365
SA 1210000 200 0.001733
BWT 1210000 200 0.002420
ST 1210000 200 0.000379
SA 1210000 200 0.001736
BWT 1210000 200 0.002551
ST 1210000 200 0.000370
SA 1210000 200 0.001723
BWT 1210000 200 0.002977
ST 1210000 200 0.000387
SA 1210000 200 0.001713
BWT 1210000 200 0.002641
ST 1210000 200 0.000374
SA 1210000 200 0.001747
BWT 1210000 200 0.002624
ST 1210000 200 0.000398
SA 1210000 200 0.001739
BWT 1210000 200 0.002076
ST 1210000 200 0.000454
SA 1210000 200 0.001741
BWT 1210000 200 0.002681
ST 1210000 200 0.000364
SA 1210000 200 0.001722
BWT 1210000 200 0.002678
ST 1210000 200 0.000369
SA 1210000 300 0.002170
BWT 1210000 300 0.003753
ST 1210000 300 0.000430
SA 1210000 300 0.002294
BWT 1210000 300 0.004695
ST 1210000 300 0.000418
SA 1210000 300 0.002171
BWT 1210000 300 0.003883
ST 1210000 300 0.000438
SA 1210000 300 0.002348
BWT 1210000 300 0.004355
ST 1210000 300 0.000425
SA 1210000 300 0.002180
BWT 1210000 300 0.003944
ST 1210000 300 0.000417
SA 1210000 300 0.002184
BWT 1210000 300 0.003195
ST 1210000 300 0.000494
SA 1210000 300 0.002167
BWT 1210000 300 0.003157
ST 1210000 300 0.000565
SA 1210000 300 0.002338
BWT 1210000 300 0.006865
ST 1210000 300 0.000467
SA 1210000 300 0.002253
BWT 1210000 300 0.003074
ST 1210000 300 0.000461
SA 1210000 300 0.002485
BWT 1210000 300 0.003328
ST 1210000 300 0.000559
SA 1210000 400 0.002774
BWT 1210000 400 0.004736
ST 1210000 400 0.001214
SA 1210000 400 0.002844
BWT 1210000 400 0.004019
ST 1210000 400 0.000564
SA 1210000 400 0.002642
BWT 1210000 400 0.004000
ST 1210000 400 0.000654
SA 1210000 400 0.002916
BWT 1210000 400 0.004295
ST 1210000 400 0.000493
SA 1210000 400 0.002756
BWT 1210000 400 0.004679
ST 1210000 400 0.000544
SA 1210000 400 0.002837
BWT 1210000 400 0.004070
ST 1210000 400 0.000499
SA 1210000 400 0.002615
BWT 1210000 400 0.004127
ST 1210000 400 0.000475
SA 1210000 400 0.002667
BWT 1210000 400 0.004193
ST 1210000 400 0.000536
SA 1210000 400 0.002644
BWT 1210000 400 0.006568
ST 1210000 400 0.000667
SA 1210000 400 0.002741
BWT 1210000 400 0.004093
ST 1210000 400 0.000544
SA 1210000 500 0.003230
BWT 1210000 500 0.007375
ST 1210000 500 0.000588
SA 1210000 500 0.003099
BWT 1210000 500 0.005311
ST 1210000 500 0.000523
SA 1210000 500 0.003192
BWT 1210000 500 0.006520
ST 1210000 500 0.000520
SA 1210000 500 0.003065
BWT 1210000 500 0.005505
ST 1210000 500 0.000523
SA 1210000 500 0.003146
BWT 1210000 500 0.006326
ST 1210000 500 0.000518
SA 1210000 500 0.003200
BWT 1210000 500 0.006889
ST 1210000 500 0.000536
SA 1210000 500 0.003027
BWT 1210000 500 0.006777
ST 1210000 500 0.000525
SA 1210000 500 0.003030
BWT 1210000 500 0.005191
ST 1210000 500 0.000536
SA 1210000 500 0.003058
BWT 1210000 500 0.005041
ST 1210000 500 0.000560
SA 1210000 500 0.004076
BWT 1210000 500 0.004935
ST 1210000 500 0.000519
SA 1310000 100 0.001328
BWT 1310000 100 0.001043
ST 1310000 100 0.000338
SA 1310000 100 0.001577
BWT 1310000 100 0.001289
ST 1310000 100 0.000379
SA 1310000 100 0.001535
BWT 1310000 100 0.001824
ST 1310000 100 0.000324
SA 1310000 100 0.001324
BWT 1310000 100 0.001052
ST 1310000 100 0.000329
SA 1310000 100 0.001319
BWT 1310000 100 0.001049
ST 1310000 100 0.000325
SA 1310000 100 0.001323
BWT 1310000 100 0.001849
ST 1310000 100 0.000338
SA 1310000 100 0.001329
BWT 1310000 100 0.001312
ST 1310000 100 0.000324
SA 1310000 100 0.001314
BWT 1310000 100 0.001300
ST 1310000 100 0.000331
SA 1310000 100 0.001334
BWT 1310000 100 0.001478
ST 1310000 100 0.000328
SA 1310000 100 0.001332
BWT 1310000 100 0.001832
ST 1310000 100 0.000405
SA 1310000 200 0.001757
BWT 1310000 200 0.002043
ST 1310000 200 0.000378
SA 1310000 200 0.001758
BWT 1310000 200 0.002129
ST 1310000 200 0.000392
SA 1310000 200 0.001774
BWT 1310000 200 0.003651
ST 1310000 200 0.000392
SA 1310000 200 0.001819
BWT 1310000 200 0.002261
ST 1310000 200 0.000378
SA 1310000 200 0.001786
BWT 1310000 200 0.003649
ST 1310000 200 0.000383
SA 1310000 200 0.001822
BWT 1310000 200 0.003675
ST 1310000 200 0.000407
SA 1310000 200 0.001749
BWT 1310000 200 0.003776
ST 1310000 200 0.000384
SA 1310000 200 0.001764
BWT 1310000 200 0.003565
ST 1310000 200 0.000378
SA 1310000 200 0.001769
BWT 1310000 200 0.003631
ST 1310000 200 0.000392
SA 1310000 200 0.001949
BWT 1310000 200 0.003035
ST 1310000 200 0.000387
SA 1310000 300 0.002221
BWT 1310000 300 0.005323
ST 1310000 300 0.000464
SA 1310000 300 0.002206
BWT 1310000 300 0.005117
ST 1310000 300 0.000454
SA 1310000 300 0.002375
BWT 1310000 300 0.005280
ST 1310000 300 0.000475
SA 1310000 300 0.002205
BWT 1310000 300 0.005328
ST 1310000 300 0.000460
SA 1310000 300 0.002214
BWT 1310000 300 0.005401
ST 1310000 300 0.000447
SA 1310000 300 0.002248
BWT 1310000 300 0.003375
ST 1310000 300 0.000432
SA 1310000 300 0.002206
BWT 1310000 300 0.005444
ST 1310000 300 0.000441
SA 1310000 300 0.002232
BWT 1310000 300 0.005535
ST 1310000 300 0.000461
SA 1310000 300 0.002218
BWT 1310000 300 0.003191
ST 1310000 300 0.000456
SA 1310000 300 0.002338
BWT 1310000 300 0.003095
ST 1310000 300 0.000421
SA 1310000 400 0.002626
BWT 1310000 400 0.004119
ST 1310000 400 0.000470
SA 1310000 400 0.002629
BWT 1310000 400 0.006413
ST 1310000 400 0.000489
SA 1310000 400 0.002627
BWT 1310000 400 0.006509
ST 1310000 400 0.000477
SA 1310000 400 0.002619
BWT 1310000 400 0.006784
ST 1310000 400 0.000480
SA 1310000 400 0.002646
BWT 1310000 400 0.005731
ST 1310000 400 0.000478
SA 1310000 400 0.002642
BWT 1310000 400 0.004101
ST 1310000 400 0.000520
SA 1310000 400 0.002651
BWT 1310000 400 0.004191
ST 1310000 400 0.000534
SA 1310000 400 0.003078
BWT 1310000 400 0.007097
ST 1310000 400 0.000479
SA 1310000 400 0.002639
BWT 1310000 400 0.003956
ST 1310000 400 0.000506
SA 1310000 400 0.002654
BWT 1310000 400 0.006707
ST 1310000 400 0.000536
SA 1310000 500 0.003086
BWT 1310000 500 0.008998
ST 1310000 500 0.000700
SA 1310000 500 0.003097
BWT 1310000 500 0.008622
ST 1310000 500 0.000577
SA 1310000 500 0.003401
BWT 1310000 500 0.008506
ST 1310000 500 0.000560
SA 1310000 500 0.003049
BWT 1310000 500 0.007751
ST 1310000 500 0.000517
SA 1310000 500 0.003065
BWT 1310000 500 0.008314
ST 1310000 500 0.000521
SA 1310000 500 0.003099
BWT 1310000 500 0.008765
ST 1310000 500 0.000526
SA 1310000 500 0.003065
BWT 1310000 500 0.008701
ST 1310000 500 0.000543
SA 1310000 500 0.003061
BWT 1310000 500 0.004937
ST 1310000 500 0.000537
SA 1310000 500 0.003141
BWT 1310000 500 0.007159
ST 1310000 500 0.000562
SA 1310000 500 0.005723
BWT 1310000 500 0.007334
ST 1310000 500 0.000633
SA 1410000 100 0.001466
BWT 1410000 100 0.001238
ST 1410000 100 0.000485
SA 1410000 100 0.001436
BWT 1410000 100 0.001121
ST 1410000 100 0.000431
SA 1410000 100 0.001347
BWT 1410000 100 0.001201
ST 1410000 100 0.000409
SA 1410000 100 0.001489
BWT 1410000 100 0.001402
ST 1410000 100 0.000414
SA 1410000 100 0.001501
BWT 1410000 100 0.001057
ST 1410000 100 0.000368
SA 1410000 100 0.001367
BWT 1410000 100 0.001076
ST 1410000 100 0.000422
SA 1410000 100 0.001472
BWT 1410000 100 0.001614
ST 1410000 100 0.000343
SA 1410000 100 0.001398
BWT 1410000 100 0.001160
ST 1410000 100 0.000347
SA 1410000 100 0.001364
BWT 1410000 100 0.001186
ST 1410000 100 0.000337
SA 1410000 100 0.001375
BWT 1410000 100 0.001055
ST 1410000 100 0.000462
SA 1410000 200 0.001931
BWT 1410000 200 0.002077
ST 1410000 200 0.000419
SA 1410000 200 0.001770
BWT 1410000 200 0.003532
ST 1410000 200 0.000445
SA 1410000 200 0.001904
BWT 1410000 200 0.002057
ST 1410000 200 0.000400
SA 1410000 200 0.001790
BWT 1410000 200 0.003523
ST 1410000 200 0.000393
SA 1410000 200 0.001912
BWT 1410000 200 0.002065
ST 1410000 200 0.000402
SA 1410000 200 0.001790
BWT 1410000 200 0.002128
ST 1410000 200 0.000382
SA 1410000 200 0.001913
BWT 1410000 200 0.002179
ST 1410000 200 0.000391
SA 1410000 200 0.001833
BWT 1410000 200 0.002158
ST 1410000 200 0.000403
SA 1410000 200 0.001870
BWT 1410000 200 0.002134
ST 1410000 200 0.000483
SA 1410000 200 0.001869
BWT 1410000 200 0.002094
ST 1410000 200 0.000404
SA 1410000 300 0.002231
BWT 1410000 300 0.005009
ST 1410000 300 0.000464
SA 1410000 300 0.002382
BWT 1410000 300 0.003227
ST 1410000 300 0.000442
SA 1410000 300 0.002232
BWT 1410000 300 0.003157
ST 1410000 300 0.000439
SA 1410000 300 0.002243
BWT 1410000 300 0.004869
ST 1410000 300 0.000437
SA 1410000 300 0.002330
BWT 1410000 300 0.005539
ST 1410000 300 0.000453
SA 1410000 300 0.002384
BWT 1410000 300 0.005655
ST 1410000 300 0.000456
SA 1410000 300 0.002472
BWT 1410000 300 0.004786
ST 1410000 300 0.000436
SA 1410000 300 0.002314
BWT 1410000 300 0.005172
ST 1410000 300 0.000444
SA 1410000 300 0.002222
BWT 1410000 300 0.004813
ST 1410000 300 0.000460
SA 1410000 300 0.002298
BWT 1410000 300 0.006101
ST 1410000 300 0.000449
SA 1410000 400 0.002655
BWT 1410000 400 0.004273
ST 1410000 400 0.000483
SA 1410000 400 0.002844
BWT 1410000 400 0.004063
ST 1410000 400 0.000510
SA 1410000 400 0.002804
BWT 1410000 400 0.005650
ST 1410000 400 0.000491
SA 1410000 400 0.002721
BWT 1410000 400 0.004086
ST 1410000 400 0.000497
SA 1410000 400 0.002738
BWT 1410000 400 0.006442
ST 1410000 400 0.000477
SA 1410000 400 0.002738
BWT 1410000 400 0.004312
ST 1410000 400 0.000475
SA 1410000 400 0.002742
BWT 1410000 400 0.006341
ST 1410000 400 0.000502
SA 1410000 400 0.002675
BWT 1410000 400 0.006097
ST 1410000 400 0.000528
SA 1410000 400 0.002757
BWT 1410000 400 0.004105
ST 1410000 400 0.000522
SA 1410000 400 0.002721
BWT 1410000 400 0.004136
ST 1410000 400 0.000505
SA 1410000 500 0.003155
BWT 1410000 500 0.004961
ST 1410000 500 0.000532
SA 1410000 500 0.003090
BWT 1410000 500 0.007555
ST 1410000 500 0.000581
SA 1410000 500 0.003174
BWT 1410000 500 0.005259
ST 1410000 500 0.000534
SA 1410000 500 0.003168
BWT 1410000 500 0.008101
ST 1410000 500 0.000538
SA 1410000 500 0.003170
BWT 1410000 500 0.004996
ST 1410000 500 0.000543
SA 1410000 500 0.003156
BWT 1410000 500 0.005247
ST 1410000 500 0.000529
SA 1410000 500 0.003249
BWT 1410000 500 0.004982
ST 1410000 500 0.000547
SA 1410000 500 0.003182
BWT 1410000 500 0.008279
ST 1410000 500 0.000528
SA 1410000 500 0.003097
BWT 1410000 500 0.005167
ST 1410000 500 0.000534
SA 1410000 500 0.003209
BWT 1410000 500 0.008138
ST 1410000 500 0.000526
SA 1510000 100 0.001399
BWT 1510000 100 0.001845
ST 1510000 100 0.000347
SA 1510000 100 0.001465
BWT 1510000 100 0.002101
ST 1510000 100 0.000340
SA 1510000 100 0.001460
BWT 1510000 100 0.001507
ST 1510000 100 0.000342
SA 1510000 100 0.001452
BWT 1510000 100 0.001125
ST 1510000 100 0.000350
SA 1510000 100 0.001446
BWT 1510000 100 0.001427
ST 1510000 100 0.000347
SA 1510000 100 0.001454
BWT 1510000 100 0.001495
ST 1510000 100 0.000346
SA 1510000 100 0.001363
BWT 1510000 100 0.001490
ST 1510000 100 0.000351
SA 1510000 100 0.001387
BWT 1510000 100 0.001407
ST 1510000 100 0.000351
SA 1510000 100 0.001485
BWT 1510000 100 0.001096
ST 1510000 100 0.000333
SA 1510000 100 0.001375
BWT 1510000 100 0.001502
ST 1510000 100 0.000365
SA 1510000 200 0.001899
BWT 1510000 200 0.002877
ST 1510000 200 0.000411
SA 1510000 200 0.001867
BWT 1510000 200 0.002823
ST 1510000 200 0.000405
SA 1510000 200 0.001875
BWT 1510000 200 0.003201
ST 1510000 200 0.000411
SA 1510000 200 0.001872
BWT 1510000 200 0.002718
ST 1510000 200 0.000398
SA 1510000 200 0.001909
BWT 1510000 200 0.003104
ST 1510000 200 0.000389
SA 1510000 200 0.001914
BWT 1510000 200 0.002781
ST 1510000 200 0.000401
SA 1510000 200 0.001870
BWT 1510000 200 0.003134
ST 1510000 200 0.000418
SA 1510000 200 0.001866
BWT 1510000 200 0.002134
ST 1510000 200 0.000408
SA 1510000 200 0.001882
BWT 1510000 200 0.003195
ST 1510000 200 0.000404
SA 1510000 200 0.001949
BWT 1510000 200 0.002053
ST 1510000 200 0.000398
SA 1510000 300 0.002561
BWT 1510000 300 0.003129
ST 1510000 300 0.000457
SA 1510000 300 0.002501
BWT 1510000 300 0.003049
ST 1510000 300 0.000448
SA 1510000 300 0.002261
BWT 1510000 300 0.005331
ST 1510000 300 0.000447
SA 1510000 300 0.002342
BWT 1510000 300 0.003084
ST 1510000 300 0.000466
SA 1510000 300 0.002330
BWT 1510000 300 0.003076
ST 1510000 300 0.000460
SA 1510000 300 0.002404
BWT 1510000 300 0.003066
ST 1510000 300 0.000427
SA 1510000 300 0.002366
BWT 1510000 300 0.003052
ST 1510000 300 0.000464
SA 1510000 300 0.002227
BWT 1510000 300 0.005670
ST 1510000 300 0.000455
SA 1510000 300 0.002360
BWT 1510000 300 0.003122
ST 1510000 300 0.000485
SA 1510000 300 0.002488
BWT 1510000 300 0.004665
ST 1510000 300 0.000471
SA 1510000 400 0.002815
BWT 1510000 400 0.006232
ST 1510000 400 0.000518
SA 1510000 400 0.002693
BWT 1510000 400 0.004221
ST 1510000 400 0.000522
SA 1510000 400 0.002693
BWT 1510000 400 0.006709
ST 1510000 400 0.000589
SA 1510000 400 0.002832
BWT 1510000 400 0.004437
ST 1510000 400 0.000534
SA 1510000 400 0.002733
BWT 1510000 400 0.004194
ST 1510000 400 0.000544
SA 1510000 400 0.002765
BWT 1510000 400 0.007380
ST 1510000 400 0.000547
SA 1510000 400 0.002723
BWT 1510000 400 0.004079
ST 1510000 400 0.000535
SA 1510000 400 0.002691
BWT 1510000 400 0.006380
ST 1510000 400 0.000534
SA 1510000 400 0.002659
BWT 1510000 400 0.006440
ST 1510000 400 0.000497
SA 1510000 400 0.002701
BWT 1510000 400 0.004545
ST 1510000 400 0.000547
SA 1510000 500 0.003141
BWT 1510000 500 0.005198
ST 1510000 500 0.000580
SA 1510000 500 0.003270
BWT 1510000 500 0.005666
ST 1510000 500 0.000593
SA 1510000 500 0.003304
BWT 1510000 500 0.005428
ST 1510000 500 0.000549
SA 1510000 500 0.003244
BWT 1510000 500 0.005020
ST 1510000 500 0.000554
SA 1510000 500 0.003145
BWT 1510000 500 0.004964
ST 1510000 500 0.000541
SA 1510000 500 0.003165
BWT 1510000 500 0.005052
ST 1510000 500 0.000548
SA 1510000 500 0.003283
BWT 1510000 500 0.005247
ST 1510000 500 0.000587
SA 1510000 500 0.003182
BWT 1510000 500 0.008989
ST 1510000 500 0.000603
SA 1510000 500 0.003100
BWT 1510000 500 0.005382
ST 1510000 500 0.000541
SA 1510000 500 0.003153
BWT 1510000 500 0.005150
ST 1510000 500 0.000542
SA 1610000 100 0.001403
BWT 1610000 100 0.001096
ST 1610000 100 0.000366
SA 1610000 100 0.001393
BWT 1610000 100 0.001622
ST 1610000 100 0.000360
SA 1610000 100 0.001410
BWT 1610000 100 0.001802
ST 1610000 100 0.000371
SA 1610000 100 0.001485
BWT 1610000 100 0.001928
ST 1610000 100 0.000367
SA 1610000 100 0.001384
BWT 1610000 100 0.001140
ST 1610000 100 0.000351
SA 1610000 100 0.001393
BWT 1610000 100 0.001080
ST 1610000 100 0.000362
SA 1610000 100 0.001388
BWT 1610000 100 0.001082
ST 1610000 100 0.000372
SA 1610000 100 0.001419
BWT 1610000 100 0.001877
ST 1610000 100 0.000394
SA 1610000 100 0.001398
BWT 1610000 100 0.001755
ST 1610000 100 0.000361
SA 1610000 100 0.001399
BWT 1610000 100 0.001372
ST 1610000 100 0.000359
SA 1610000 200 0.001915
BWT 1610000 200 0.002114
ST 1610000 200 0.000413
SA 1610000 200 0.001803
BWT 1610000 200 0.002115
ST 1610000 200 0.000413
SA 1610000 200 0.001819
BWT 1610000 200 0.003637
ST 1610000 200 0.000406
SA 1610000 200 0.001831
BWT 1610000 200 0.003779
ST 1610000 200 0.000423
SA 1610000 200 0.001880
BWT 1610000 200 0.002086
ST 1610000 200 0.000395
SA 1610000 200 0.001829
BWT 1610000 200 0.003737
ST 1610000 200 0.000403
SA 1610000 200 0.001818
BWT 1610000 200 0.002164
ST 1610000 200 0.000406
SA 1610000 200 0.001828
BWT 1610000 200 0.003104
ST 1610000 200 0.000471
SA 1610000 200 0.001834
BWT 1610000 200 0.002984
ST 1610000 200 0.000405
SA 1610000 200 0.001894
BWT 1610000 200 0.002136
ST 1610000 200 0.000410
SA 1610000 300 0.002297
BWT 1610000 300 0.004349
ST 1610000 300 0.000451
SA 1610000 300 0.002270
BWT 1610000 300 0.003133
ST 1610000 300 0.000459
SA 1610000 300 0.002279
BWT 1610000 300 0.005595
ST 1610000 300 0.000461
SA 1610000 300 0.002304
BWT 1610000 300 0.005236
ST 1610000 300 0.000508
SA 1610000 300 0.002342
BWT 1610000 300 0.005384
ST 1610000 300 0.000484
SA 1610000 300 0.002336
BWT 1610000 300 0.003133
ST 1610000 300 0.000465
SA 1610000 300 0.002265
BWT 1610000 300 0.005151
ST 1610000 300 0.000466
SA 1610000 300 0.002275
BWT 1610000 300 0.005201
ST 1610000 300 0.000475
SA 1610000 300 0.002290
BWT 1610000 300 0.003851
ST 1610000 300 0.000482
SA 1610000 300 0.002292
BWT 1610000 300 0.005363
ST 1610000 300 0.000477
SA 1610000 400 0.002791
BWT 1610000 400 0.006793
ST 1610000 400 0.000559
SA 1610000 400 0.002713
BWT 1610000 400 0.007448
ST 1610000 400 0.000520
SA 1610000 400 0.002684
BWT 1610000 400 0.004321
ST 1610000 400 0.000521
SA 1610000 400 0.002689
BWT 1610000 400 0.007485
ST 1610000 400 0.000524
SA 1610000 400 0.002716
BWT 1610000 400 0.007424
ST 1610000 400 0.000516
SA 1610000 400 0.002716
BWT 1610000 400 0.006353
ST 1610000 400 0.000506
SA 1610000 400 0.002706
BWT 1610000 400 0.004312
ST 1610000 400 0.000511
SA 1610000 400 0.002706
BWT 1610000 400 0.007362
ST 1610000 400 0.000569
SA 1610000 400 0.003066
BWT 1610000 400 0.007570
ST 1610000 400 0.000565
SA 1610000 400 0.002823
BWT 1610000 400 0.004827
ST 1610000 400 0.000503
SA 1610000 500 0.003226
BWT 1610000 500 0.008449
ST 1610000 500 0.000604
SA 1610000 500 0.003128
BWT 1610000 500 0.007509
ST 1610000 500 0.000552
SA 1610000 500 0.003159
BWT 1610000 500 0.008908
ST 1610000 500 0.000566
SA 1610000 500 0.003132
BWT 1610000 500 0.005832
ST 1610000 500 0.000552
SA 1610000 500 0.003121
BWT 1610000 500 0.009111
ST 1610000 500 0.000556
SA 1610000 500 0.003127
BWT 1610000 500 0.005274
ST 1610000 500 0.000561
SA 1610000 500 0.003129
BWT 1610000 500 0.009126
ST 1610000 500 0.000563
SA 1610000 500 0.003223
BWT 1610000 500 0.008503
ST 1610000 500 0.000555
SA 1610000 500 0.003148
BWT 1610000 500 0.008435
ST 1610000 500 0.000608
SA 1610000 500 0.003136
BWT 1610000 500 0.008711
ST 1610000 500 0.000577
SA 1710000 100 0.001441
BWT 1710000 100 0.001939
ST 1710000 100 0.000371
SA 1710000 100 0.001408
BWT 1710000 100 0.001091
ST 1710000 100 0.000397
SA 1710000 100 0.001409
BWT 1710000 100 0.001881
ST 1710000 100 0.000394
SA 1710000 100 0.001390
BWT 1710000 100 0.001529
ST 1710000 100 0.000394
SA 1710000 100 0.001410
BWT 1710000 100 0.001156
ST 1710000 100 0.000391
SA 1710000 100 0.001401
BWT 1710000 100 0.001724
ST 1710000 100 0.000423
SA 1710000 100 0.001419
BWT 1710000 100 0.001673
ST 1710000 100 0.000376
SA 1710000 100 0.001476
BWT 1710000 100 0.001731
ST 1710000 100 0.000423
SA 1710000 100 0.001415
BWT 1710000 100 0.001958
ST 1710000 100 0.000365
SA 1710000 100 0.001420
BWT 1710000 100 0.001705
ST 1710000 100 0.000371
SA 1710000 200 0.001888
BWT 1710000 200 0.002114
ST 1710000 200 0.000429
SA 1710000 200 0.001876
BWT 1710000 200 0.002111
ST 1710000 200 0.000427
SA 1710000 200 0.001844
BWT 1710000 200 0.002179
ST 1710000 200 0.000411
SA 1710000 200 0.001852
BWT 1710000 200 0.002308
ST 1710000 200 0.000405
SA 1710000 200 0.001831
BWT 1710000 200 0.002904
ST 1710000 200 0.000449
SA 1710000 200 0.001845
BWT 1710000 200 0.002140
ST 1710000 200 0.000599
SA 1710000 200 0.001905
BWT 1710000 200 0.003562
ST 1710000 200 0.000486
SA 1710000 200 0.001897
BWT 1710000 200 0.003468
ST 1710000 200 0.000409
SA 1710000 200 0.001883
BWT 1710000 200 0.004087
ST 1710000 200 0.000411
SA 1710000 200 0.001852
BWT 1710000 200 0.002981
ST 1710000 200 0.000445
SA 1710000 300 0.002341
BWT 1710000 300 0.003212
ST 1710000 300 0.000463
SA 1710000 300 0.002323
BWT 1710000 300 0.003238
ST 1710000 300 0.000510
SA 1710000 300 0.002308
BWT 1710000 300 0.005049
ST 1710000 300 0.000482
SA 1710000 300 0.002294
BWT 1710000 300 0.003121
ST 1710000 300 0.000471
SA 1710000 300 0.002304
BWT 1710000 300 0.005452
ST 1710000 300 0.000470
SA 1710000 300 0.002281
BWT 1710000 300 0.005738
ST 1710000 300 0.000477
SA 1710000 300 0.002375
BWT 1710000 300 0.004751
ST 1710000 300 0.000499
SA 1710000 300 0.002368
BWT 1710000 300 0.003166
ST 1710000 300 0.000523
SA 1710000 300 0.002532
BWT 1710000 300 0.004944
ST 1710000 300 0.000533
SA 1710000 300 0.002314
BWT 1710000 300 0.005076
ST 1710000 300 0.000477
SA 1710000 400 0.002786
BWT 1710000 400 0.006347
ST 1710000 400 0.000524
SA 1710000 400 0.002712
BWT 1710000 400 0.007819
ST 1710000 400 0.000572
SA 1710000 400 0.002715
BWT 1710000 400 0.007333
ST 1710000 400 0.000521
SA 1710000 400 0.002711
BWT 1710000 400 0.004117
ST 1710000 400 0.000534
SA 1710000 400 0.002700
BWT 1710000 400 0.006279
ST 1710000 400 0.000509
SA 1710000 400 0.002724
BWT 1710000 400 0.006646
ST 1710000 400 0.000533
SA 1710000 400 0.002922
BWT 1710000 400 0.004156
ST 1710000 400 0.000567
SA 1710000 400 0.002790
BWT 1710000 400 0.004436
ST 1710000 400 0.001037
SA 1710000 400 0.002873
BWT 1710000 400 0.004316
ST 1710000 400 0.000544
SA 1710000 400 0.002764
BWT 1710000 400 0.007285
ST 1710000 400 0.000577
SA 1710000 500 0.003143
BWT 1710000 500 0.008381
ST 1710000 500 0.000587
SA 1710000 500 0.003311
BWT 1710000 500 0.008559
ST 1710000 500 0.000602
SA 1710000 500 0.003247
BWT 1710000 500 0.005447
ST 1710000 500 0.000592
SA 1710000 500 0.003346
BWT 1710000 500 0.005350
ST 1710000 500 0.000608
SA 1710000 500 0.003279
BWT 1710000 500 0.008141
ST 1710000 500 0.000614
SA 1710000 500 0.003398
BWT 1710000 500 0.009416
ST 1710000 500 0.000593
SA 1710000 500 0.003323
BWT 1710000 500 0.005285
ST 1710000 500 0.000625
SA 1710000 500 0.004414
BWT 1710000 500 0.005242
ST 1710000 500 0.000811
SA 1710000 500 0.003325
BWT 1710000 500 0.005640
ST 1710000 500 0.000593
SA 1710000 500 0.003313
BWT 1710000 500 0.008515
ST 1710000 500 0.000616
SA 1810000 100 0.004376
BWT 1810000 100 0.001788
ST 1810000 100 0.000394
SA 1810000 100 0.001846
BWT 1810000 100 0.001344
ST 1810000 100 0.000441
SA 1810000 100 0.001634
BWT 1810000 100 0.001790
ST 1810000 100 0.000396
SA 1810000 100 0.001933
BWT 1810000 100 0.001129
ST 1810000 100 0.000424
SA 1810000 100 0.001537
BWT 1810000 100 0.001119
ST 1810000 100 0.000373
SA 1810000 100 0.001633
BWT 1810000 100 0.001089
ST 1810000 100 0.000491
SA 1810000 100 0.001529
BWT 1810000 100 0.001138
ST 1810000 100 0.000409
SA 1810000 100 0.001716
BWT 1810000 100 0.001307
ST 1810000 100 0.000425
SA 1810000 100 0.001511
BWT 1810000 100 0.001162
ST 1810000 100 0.000392
SA 1810000 100 0.001500
BWT 1810000 100 0.001110
ST 1810000 100 0.000384
SA 1810000 200 0.002002
BWT 1810000 200 0.002170
ST 1810000 200 0.000428
SA 1810000 200 0.002100
BWT 1810000 200 0.002396
ST 1810000 200 0.000435
SA 1810000 200 0.001975
BWT 1810000 200 0.003532
ST 1810000 200 0.000432
SA 1810000 200 0.001994
BWT 1810000 200 0.003574
ST 1810000 200 0.000433
SA 1810000 200 0.001942
BWT 1810000 200 0.003067
ST 1810000 200 0.000428
SA 1810000 200 0.002033
BWT 1810000 200 0.002126
ST 1810000 200 0.000423
SA 1810000 200 0.001971
BWT 1810000 200 0.003774
ST 1810000 200 0.000425
SA 1810000 200 0.001995
BWT 1810000 200 0.002122
ST 1810000 200 0.000423
SA 1810000 200 0.002268
BWT 1810000 200 0.003280
ST 1810000 200 0.000488
SA 1810000 200 0.001983
BWT 1810000 200 0.003393
ST 1810000 200 0.000425
SA 1810000 300 0.002406
BWT 1810000 300 0.003158
ST 1810000 300 0.000483
SA 1810000 300 0.002365
BWT 1810000 300 0.003489
ST 1810000 300 0.000502
SA 1810000 300 0.002601
BWT 1810000 300 0.003183
ST 1810000 300 0.000472
SA 1810000 300 0.002439
BWT 1810000 300 0.003302
ST 1810000 300 0.000476
SA 1810000 300 0.002436
BWT 1810000 300 0.005757
ST 1810000 300 0.000516
SA 1810000 300 0.002407
BWT 1810000 300 0.003180
ST 1810000 300 0.000548
SA 1810000 300 0.002460
BWT 1810000 300 0.003165
ST 1810000 300 0.000506
SA 1810000 300 0.002406
BWT 1810000 300 0.004952
ST 1810000 300 0.000551
SA 1810000 300 0.002454
BWT 1810000 300 0.003193
ST 1810000 300 0.000491
SA 1810000 300 0.002650
BWT 1810000 300 0.003200
ST 1810000 300 0.000519
SA 1810000 400 0.002889
BWT 1810000 400 0.004506
ST 1810000 400 0.000617
SA 1810000 400 0.003111
BWT 1810000 400 0.004171
ST 1810000 400 0.000570
SA 1810000 400 0.002897
BWT 1810000 400 0.004304
ST 1810000 400 0.000540
SA 1810000 400 0.002932
BWT 1810000 400 0.004341
ST 1810000 400 0.000547
SA 1810000 400 0.003146
BWT 1810000 400 0.006123
ST 1810000 400 0.000719
SA 1810000 400 0.003161
BWT 1810000 400 0.004968
ST 1810000 400 0.000570
SA 1810000 400 0.002863
BWT 1810000 400 0.004537
ST 1810000 400 0.000566
SA 1810000 400 0.002961
BWT 1810000 400 0.004299
ST 1810000 400 0.000617
SA 1810000 400 0.003024
BWT 1810000 400 0.007283
ST 1810000 400 0.000552
SA 1810000 400 0.002808
BWT 1810000 400 0.004506
ST 1810000 400 0.000524
SA 1810000 500 0.003308
BWT 1810000 500 0.008736
ST 1810000 500 0.000574
SA 1810000 500 0.003312
BWT 1810000 500 0.005128
ST 1810000 500 0.000558
SA 1810000 500 0.003332
BWT 1810000 500 0.008648
ST 1810000 500 0.000579
SA 1810000 500 0.003278
BWT 1810000 500 0.005251
ST 1810000 500 0.000627
SA 1810000 500 0.003275
BWT 1810000 500 0.005383
ST 1810000 500 0.000652
SA 1810000 500 0.003394
BWT 1810000 500 0.005207
ST 1810000 500 0.000567
SA 1810000 500 0.003256
BWT 1810000 500 0.005441
ST 1810000 500 0.000596
SA 1810000 500 0.003631
BWT 1810000 500 0.005452
ST 1810000 500 0.000753
SA 1810000 500 0.003382
BWT 1810000 500 0.008542
ST 1810000 500 0.000578
SA 1810000 500 0.003394
BWT 1810000 500 0.005130
ST 1810000 500 0.000567
SA 1910000 100 0.001782
BWT 1910000 100 0.001092
ST 1910000 100 0.000476
SA 1910000 100 0.001622
BWT 1910000 100 0.001491
ST 1910000 100 0.000470
SA 1910000 100 0.002262
BWT 1910000 100 0.001337
ST 1910000 100 0.000417
SA 1910000 100 0.001515
BWT 1910000 100 0.001173
ST 1910000 100 0.000511
SA 1910000 100 0.001672
BWT 1910000 100 0.002555
ST 1910000 100 0.000452
SA 1910000 100 0.001680
BWT 1910000 100 0.002174
ST 1910000 100 0.000459
SA 1910000 100 0.001547
BWT 1910000 100 0.001100
ST 1910000 100 0.000390
SA 1910000 100 0.001600
BWT 1910000 100 0.001145
ST 1910000 100 0.000385
SA 1910000 100 0.001525
BWT 1910000 100 0.001114
ST 1910000 100 0.000394
SA 1910000 100 0.001637
BWT 1910000 100 0.001132
ST 1910000 100 0.000385
SA 1910000 200 0.002116
BWT 1910000 200 0.003509
ST 1910000 200 0.000444
SA 1910000 200 0.001893
BWT 1910000 200 0.002129
ST 1910000 200 0.000444
SA 1910000 200 0.001885
BWT 1910000 200 0.002117
ST 1910000 200 0.000474
SA 1910000 200 0.001899
BWT 1910000 200 0.003805
ST 1910000 200 0.000452
SA 1910000 200 0.001866
BWT 1910000 200 0.002116
ST 1910000 200 0.000478
SA 1910000 200 0.002351
BWT 1910000 200 0.003014
ST 1910000 200 0.000442
SA 1910000 200 0.001910
BWT 1910000 200 0.003014
ST 1910000 200 0.000459
SA 1910000 200 0.001886
BWT 1910000 200 0.004056
ST 1910000 200 0.000480
SA 1910000 200 0.001885
BWT 1910000 200 0.002281
ST 1910000 200 0.000445
SA 1910000 200 0.001956
BWT 1910000 200 0.002158
ST 1910000 200 0.000440
SA 1910000 300 0.002350
BWT 1910000 300 0.003188
ST 1910000 300 0.000548
SA 1910000 300 0.002476
BWT 1910000 300 0.003314
ST 1910000 300 0.000486
SA 1910000 300 0.002352
BWT 1910000 300 0.003250
ST 1910000 300 0.000492
SA 1910000 300 0.002447
BWT 1910000 300 0.003320
ST 1910000 300 0.000484
SA 1910000 300 0.002462
BWT 1910000 300 0.003206
ST 1910000 300 0.000482
SA 1910000 300 0.002340
BWT 1910000 300 0.003326
ST 1910000 300 0.000562
SA 1910000 300 0.002404
BWT 1910000 300 0.003149
ST 1910000 300 0.000500
SA 1910000 300 0.002367
BWT 1910000 300 0.003117
ST 1910000 300 0.000490
SA 1910000 300 0.002360
BWT 1910000 300 0.003142
ST 1910000 300 0.000486
SA 1910000 300 0.002374
BWT 1910000 300 0.003171
ST 1910000 300 0.000496
SA 1910000 400 0.002813
BWT 1910000 400 0.004316
ST 1910000 400 0.000587
SA 1910000 400 0.003044
BWT 1910000 400 0.004603
ST 1910000 400 0.000681
SA 1910000 400 0.002810
BWT 1910000 400 0.004119
ST 1910000 400 0.000537
SA 1910000 400 0.002853
BWT 1910000 400 0.004271
ST 1910000 400 0.000547
SA 1910000 400 0.002771
BWT 1910000 400 0.004323
ST 1910000 400 0.000531
SA 1910000 400 0.002762
BWT 1910000 400 0.004215
ST 1910000 400 0.000562
SA 1910000 400 0.002982
BWT 1910000 400 0.004264
ST 1910000 400 0.000527
SA 1910000 400 0.002766
BWT 1910000 400 0.004188
ST 1910000 400 0.000554
SA 1910000 400 0.002928
BWT 1910000 400 0.004304
ST 1910000 400 0.000690
SA 1910000 400 0.002734
BWT 1910000 400 0.004120
ST 1910000 400 0.000558
SA 1910000 500 0.003421
BWT 1910000 500 0.005716
ST 1910000 500 0.000599
SA 1910000 500 0.003199
BWT 1910000 500 0.005409
ST 1910000 500 0.000589
SA 1910000 500 0.003229
BWT 1910000 500 0.007999
ST 1910000 500 0.000596
SA 1910000 500 0.003216
BWT 1910000 500 0.005803
ST 1910000 500 0.000596
SA 1910000 500 0.003516
BWT 1910000 500 0.005114
ST 1910000 500 0.000584
SA 1910000 500 0.003268
BWT 1910000 500 0.005368
ST 1910000 500 0.000588
SA 1910000 500 0.003226
BWT 1910000 500 0.005678
ST 1910000 500 0.000593
SA 1910000 500 0.003230
BWT 1910000 500 0.005561
ST 1910000 500 0.000577
SA 1910000 500 0.003229
BWT 1910000 500 0.005268
ST 1910000 500 0.000617
SA 1910000 500 0.003252
BWT 1910000 500 0.005511
ST 1910000 500 0.000595
SA 2010000 100 0.001640
BWT 2010000 100 0.001119
ST 2010000 100 0.000399
SA 2010000 100 0.001459
BWT 2010000 100 0.001110
ST 2010000 100 0.000449
SA 2010000 100 0.001634
BWT 2010000 100 0.001135
ST 2010000 100 0.000414
SA 2010000 100 0.001619
BWT 2010000 100 0.001342
ST 2010000 100 0.000386
SA 2010000 100 0.001643
BWT 2010000 100 0.001121
ST 2010000 100 0.000409
SA 2010000 100 0.001477
BWT 2010000 100 0.001102
ST 2010000 100 0.000399
SA 2010000 100 0.001603
BWT 2010000 100 0.001124
ST 2010000 100 0.000410
SA 2010000 100 0.001608
BWT 2010000 100 0.001102
ST 2010000 100 0.000415
SA 2010000 100 0.001627
BWT 2010000 100 0.001171
ST 2010000 100 0.000477
SA 2010000 100 0.001724
BWT 2010000 100 0.001107
ST 2010000 100 0.000460
SA 2010000 200 0.002108
BWT 2010000 200 0.002188
ST 2010000 200 0.000478
SA 2010000 200 0.002003
BWT 2010000 200 0.002134
ST 2010000 200 0.000722
SA 2010000 200 0.002026
BWT 2010000 200 0.002335
ST 2010000 200 0.000446
SA 2010000 200 0.002035
BWT 2010000 200 0.002490
ST 2010000 200 0.000457
SA 2010000 200 0.002136
BWT 2010000 200 0.002489
ST 2010000 200 0.000451
SA 2010000 200 0.002003
BWT 2010000 200 0.002398
ST 2010000 200 0.000436
SA 2010000 200 0.002129
BWT 2010000 200 0.003857
ST 2010000 200 0.000444
SA 2010000 200 0.002064
BWT 2010000 200 0.002136
ST 2010000 200 0.000463
SA 2010000 200 0.002411
BWT 2010000 200 0.002126
ST 2010000 200 0.000458
SA 2010000 200 0.002140
BWT 2010000 200 0.002211
ST 2010000 200 0.000533
SA 2010000 300 0.002496
BWT 2010000 300 0.003427
ST 2010000 300 0.000514
SA 2010000 300 0.002579
BWT 2010000 300 0.003226
ST 2010000 300 0.000503
SA 2010000 300 0.002504
BWT 2010000 300 0.003482
ST 2010000 300 0.000553
SA 2010000 300 0.002700
BWT 2010000 300 0.004261
ST 2010000 300 0.000601
SA 2010000 300 0.002993
BWT 2010000 300 0.003244
ST 2010000 300 0.001067
SA 2010000 300 0.002736
BWT 2010000 300 0.003290
ST 2010000 300 0.000546
SA 2010000 300 0.002456
BWT 2010000 300 0.003649
ST 2010000 300 0.000546
SA 2010000 300 0.002414
BWT 2010000 300 0.003161
ST 2010000 300 0.000490
SA 2010000 300 0.002345
BWT 2010000 300 0.003213
ST 2010000 300 0.000500
SA 2010000 300 0.002402
BWT 2010000 300 0.003305
ST 2010000 300 0.000499
SA 2010000 400 0.002811
BWT 2010000 400 0.004198
ST 2010000 400 0.000534
SA 2010000 400 0.002806
BWT 2010000 400 0.005664
ST 2010000 400 0.000550
SA 2010000 400 0.002898
BWT 2010000 400 0.006423
ST 2010000 400 0.000540
SA 2010000 400 0.002765
BWT 2010000 400 0.004446
ST 2010000 400 0.000537
SA 2010000 400 0.002781
BWT 2010000 400 0.004428
ST 2010000 400 0.000543
SA 2010000 400 0.002779
BWT 2010000 400 0.004262
ST 2010000 400 0.000530
SA 2010000 400 0.002886
BWT 2010000 400 0.007272
ST 2010000 400 0.000534
SA 2010000 400 0.002755
BWT 2010000 400 0.007416
ST 2010000 400 0.000536
SA 2010000 400 0.003006
BWT 2010000 400 0.004217
ST 2010000 400 0.000541
SA 2010000 400 0.002898
BWT 2010000 400 0.004204
ST 2010000 400 0.000542
SA 2010000 500 0.003339
BWT 2010000 500 0.006341
ST 2010000 500 0.000763
SA 2010000 500 0.003266
BWT 2010000 500 0.008951
ST 2010000 500 0.000591
SA 2010000 500 0.003837
BWT 2010000 500 0.005443
ST 2010000 500 0.000598
SA 2010000 500 0.003321
BWT 2010000 500 0.008355
ST 2010000 500 0.000590
SA 2010000 500 0.003220
BWT 2010000 500 0.005229
ST 2010000 500 0.000607
SA 2010000 500 0.003220
BWT 2010000 500 0.005164
ST 2010000 500 0.000599
SA 2010000 500 0.003330
BWT 2010000 500 0.008992
ST 2010000 500 0.000590
SA 2010000 500 0.003336
BWT 2010000 500 0.005293
ST 2010000 500 0.000578
SA 2010000 500 0.003227
BWT 2010000 500 0.005331
ST 2010000 500 0.000590
SA 2010000 500 0.003412
BWT 2010000 500 0.005317
ST 2010000 500 0.000640
SA 2110000 100 0.001521
BWT 2110000 100 0.001163
ST 2110000 100 0.000415
SA 2110000 100 0.001521
BWT 2110000 100 0.001903
ST 2110000 100 0.000395
SA 2110000 100 0.001488
BWT 2110000 100 0.001767
ST 2110000 100 0.000421
SA 2110000 100 0.001503
BWT 2110000 100 0.001932
ST 2110000 100 0.000389
SA 2110000 100 0.001526
BWT 2110000 100 0.001668
ST 2110000 100 0.000411
SA 2110000 100 0.001719
BWT 2110000 100 0.001852
ST 2110000 100 0.000405
SA 2110000 100 0.001476
BWT 2110000 100 0.001983
ST 2110000 100 0.000399
SA 2110000 100 0.001478
BWT 2110000 100 0.001148
ST 2110000 100 0.000402
SA 2110000 100 0.001564
BWT 2110000 100 0.001105
ST 2110000 100 0.000395
SA 2110000 100 0.001547
BWT 2110000 100 0.001148
ST 2110000 100 0.000395
SA 2110000 200 0.001918
BWT 2110000 200 0.002209
ST 2110000 200 0.000458
SA 2110000 200 0.001926
BWT 2110000 200 0.002185
ST 2110000 200 0.000426
SA 2110000 200 0.002154
BWT 2110000 200 0.003744
ST 2110000 200 0.000470
SA 2110000 200 0.001933
BWT 2110000 200 0.003804
ST 2110000 200 0.000454
SA 2110000 200 0.001918
BWT 2110000 200 0.003828
ST 2110000 200 0.000452
SA 2110000 200 0.001993
BWT 2110000 200 0.002135
ST 2110000 200 0.000451
SA 2110000 200 0.001924
BWT 2110000 200 0.003715
ST 2110000 200 0.000447
SA 2110000 200 0.001947
BWT 2110000 200 0.003539
ST 2110000 200 0.000453
SA 2110000 200 0.001926
BWT 2110000 200 0.003829
ST 2110000 200 0.000473
SA 2110000 200 0.001994
BWT 2110000 200 0.003760
ST 2110000 200 0.000465
SA 2110000 300 0.002389
BWT 2110000 300 0.005678
ST 2110000 300 0.000516
SA 2110000 300 0.002348
BWT 2110000 300 0.005041
ST 2110000 300 0.000505
SA 2110000 300 0.002421
BWT 2110000 300 0.005663
ST 2110000 300 0.000502
SA 2110000 300 0.002399
BWT 2110000 300 0.003264
ST 2110000 300 0.000508
SA 2110000 300 0.002377
BWT 2110000 300 0.003234
ST 2110000 300 0.000502
SA 2110000 300 0.002469
BWT 2110000 300 0.003285
ST 2110000 300 0.000499
SA 2110000 300 0.002498
BWT 2110000 300 0.003244
ST 2110000 300 0.000505
SA 2110000 300 0.002437
BWT 2110000 300 0.005096
ST 2110000 300 0.000499
SA 2110000 300 0.002353
BWT 2110000 300 0.003205
ST 2110000 300 0.000487
SA 2110000 300 0.002371
BWT 2110000 300 0.004959
ST 2110000 300 0.000491
SA 2110000 400 0.002778
BWT 2110000 400 0.004611
ST 2110000 400 0.000550
SA 2110000 400 0.002780
BWT 2110000 400 0.007449
ST 2110000 400 0.000551
SA 2110000 400 0.002821
BWT 2110000 400 0.007370
ST 2110000 400 0.000572
SA 2110000 400 0.002779
BWT 2110000 400 0.007374
ST 2110000 400 0.000550
SA 2110000 400 0.002802
BWT 2110000 400 0.004789
ST 2110000 400 0.000549
SA 2110000 400 0.002805
BWT 2110000 400 0.004207
ST 2110000 400 0.000539
SA 2110000 400 0.002779
BWT 2110000 400 0.004299
ST 2110000 400 0.000551
SA 2110000 400 0.002804
BWT 2110000 400 0.007269
ST 2110000 400 0.000552
SA 2110000 400 0.002822
BWT 2110000 400 0.006563
ST 2110000 400 0.000540
SA 2110000 400 0.002792
BWT 2110000 400 0.006782
ST 2110000 400 0.000548
SA 2110000 500 0.003254
BWT 2110000 500 0.009173
ST 2110000 500 0.000604
SA 2110000 500 0.003258
BWT 2110000 500 0.005343
ST 2110000 500 0.000734
SA 2110000 500 0.003252
BWT 2110000 500 0.005196
ST 2110000 500 0.000600
SA 2110000 500 0.003210
BWT 2110000 500 0.005711
ST 2110000 500 0.000674
SA 2110000 500 0.003438
BWT 2110000 500 0.009827
ST 2110000 500 0.000617
SA 2110000 500 0.003227
BWT 2110000 500 0.005298
ST 2110000 500 0.000689
SA 2110000 500 0.003251
BWT 2110000 500 0.005178
ST 2110000 500 0.000652
SA 2110000 500 0.003226
BWT 2110000 500 0.006176
ST 2110000 500 0.000659
SA 2110000 500 0.003283
BWT 2110000 500 0.008214
ST 2110000 500 0.000614
SA 2110000 500 0.003270
BWT 2110000 500 0.009258
ST 2110000 500 0.000617
SA 2210000 100 0.001585
BWT 2210000 100 0.001119
ST 2210000 100 0.000414
SA 2210000 100 0.001625
BWT 2210000 100 0.001890
ST 2210000 100 0.000399
SA 2210000 100 0.001602
BWT 2210000 100 0.001985
ST 2210000 100 0.000408
SA 2210000 100 0.001614
BWT 2210000 100 0.001181
ST 2210000 100 0.000414
SA 2210000 100 0.001597
BWT 2210000 100 0.001755
ST 2210000 100 0.000414
SA 2210000 100 0.001579
BWT 2210000 100 0.001628
ST 2210000 100 0.000420
SA 2210000 100 0.001605
BWT 2210000 100 0.001121
ST 2210000 100 0.000481
SA 2210000 100 0.001671
BWT 2210000 100 0.001812
ST 2210000 100 0.000652
SA 2210000 100 0.001639
BWT 2210000 100 0.001114
ST 2210000 100 0.000408
SA 2210000 100 0.001609
BWT 2210000 100 0.001780
ST 2210000 100 0.000401
SA 2210000 200 0.002048
BWT 2210000 200 0.002358
ST 2210000 200 0.000459
SA 2210000 200 0.002105
BWT 2210000 200 0.002162
ST 2210000 200 0.000456
SA 2210000 200 0.002257
BWT 2210000 200 0.003718
ST 2210000 200 0.000482
SA 2210000 200 0.002069
BWT 2210000 200 0.003062
ST 2210000 200 0.000457
SA 2210000 200 0.002053
BWT 2210000 200 0.003845
ST 2210000 200 0.000467
SA 2210000 200 0.002042
BWT 2210000 200 0.002148
ST 2210000 200 0.000445
SA 2210000 200 0.002055
BWT 2210000 200 0.003277
ST 2210000 200 0.000454
SA 2210000 200 0.001977
BWT 2210000 200 0.003306
ST 2210000 200 0.000472
SA 2210000 200 0.002026
BWT 2210000 200 0.004180
ST 2210000 200 0.000463
SA 2210000 200 0.002033
BWT 2210000 200 0.002237
ST 2210000 200 0.000472
SA 2210000 300 0.002579
BWT 2210000 300 0.003193
ST 2210000 300 0.000521
SA 2210000 300 0.002531
BWT 2210000 300 0.005179
ST 2210000 300 0.000501
SA 2210000 300 0.002540
BWT 2210000 300 0.005823
ST 2210000 300 0.000504
SA 2210000 300 0.002507
BWT 2210000 300 0.005486
ST 2210000 300 0.000505
SA 2210000 300 0.002511
BWT 2210000 300 0.005079
ST 2210000 300 0.000519
SA 2210000 300 0.002518
BWT 2210000 300 0.004252
ST 2210000 300 0.000518
SA 2210000 300 0.002561
BWT 2210000 300 0.005037
ST 2210000 300 0.000506
SA 2210000 300 0.002519
BWT 2210000 300 0.003184
ST 2210000 300 0.000509
SA 2210000 300 0.002515
BWT 2210000 300 0.004877
ST 2210000 300 0.000522
SA 2210000 300 0.002569
BWT 2210000 300 0.003618
ST 2210000 300 0.000606
SA 2210000 400 0.002936
BWT 2210000 400 0.004228
ST 2210000 400 0.000563
SA 2210000 400 0.002906
BWT 2210000 400 0.004211
ST 2210000 400 0.000562
SA 2210000 400 0.002936
BWT 2210000 400 0.007134
ST 2210000 400 0.000553
SA 2210000 400 0.002953
BWT 2210000 400 0.007047
ST 2210000 400 0.000558
SA 2210000 400 0.003036
BWT 2210000 400 0.007260
ST 2210000 400 0.000544
SA 2210000 400 0.002966
BWT 2210000 400 0.004327
ST 2210000 400 0.000552
SA 2210000 400 0.002905
BWT 2210000 400 0.006949
ST 2210000 400 0.000552
SA 2210000 400 0.002898
BWT 2210000 400 0.004707
ST 2210000 400 0.000572
SA 2210000 400 0.002883
BWT 2210000 400 0.004249
ST 2210000 400 0.000584
SA 2210000 400 0.002888
BWT 2210000 400 0.004319
ST 2210000 400 0.000559
SA 2210000 500 0.003792
BWT 2210000 500 0.005346
ST 2210000 500 0.000657
SA 2210000 500 0.003308
BWT 2210000 500 0.005262
ST 2210000 500 0.000664
SA 2210000 500 0.003258
BWT 2210000 500 0.008341
ST 2210000 500 0.000587
SA 2210000 500 0.003264
BWT 2210000 500 0.008837
ST 2210000 500 0.000631
SA 2210000 500 0.003238
BWT 2210000 500 0.009148
ST 2210000 500 0.000600
SA 2210000 500 0.003234
BWT 2210000 500 0.005328
ST 2210000 500 0.000600
SA 2210000 500 0.003352
BWT 2210000 500 0.009484
ST 2210000 500 0.000618
SA 2210000 500 0.003254
BWT 2210000 500 0.008558
ST 2210000 500 0.000617
SA 2210000 500 0.003250
BWT 2210000 500 0.005444
ST 2210000 500 0.000610
SA 2210000 500 0.003247
BWT 2210000 500 0.007895
ST 2210000 500 0.000590
SA 2310000 100 0.001487
BWT 2310000 100 0.001124
ST 2310000 100 0.000410
SA 2310000 100 0.001536
BWT 2310000 100 0.001480
ST 2310000 100 0.000401
SA 2310000 100 0.001512
BWT 2310000 100 0.001955
ST 2310000 100 0.000414
SA 2310000 100 0.001524
BWT 2310000 100 0.001161
ST 2310000 100 0.000426
SA 2310000 100 0.001503
BWT 2310000 100 0.002021
ST 2310000 100 0.000413
SA 2310000 100 0.001504
BWT 2310000 100 0.001137
ST 2310000 100 0.000414
SA 2310000 100 0.001722
BWT 2310000 100 0.001890
ST 2310000 100 0.000461
SA 2310000 100 0.001490
BWT 2310000 100 0.001766
ST 2310000 100 0.000415
SA 2310000 100 0.001533
BWT 2310000 100 0.001804
ST 2310000 100 0.000404
SA 2310000 100 0.001501
BWT 2310000 100 0.002000
ST 2310000 100 0.000427
SA 2310000 200 0.001983
BWT 2310000 200 0.002191
ST 2310000 200 0.000464
SA 2310000 200 0.001948
BWT 2310000 200 0.002157
ST 2310000 200 0.000512
SA 2310000 200 0.002003
BWT 2310000 200 0.002170
ST 2310000 200 0.000477
SA 2310000 200 0.001977
BWT 2310000 200 0.003870
ST 2310000 200 0.000442
SA 2310000 200 0.002030
BWT 2310000 200 0.002962
ST 2310000 200 0.000470
SA 2310000 200 0.001964
BWT 2310000 200 0.003766
ST 2310000 200 0.000475
SA 2310000 200 0.001955
BWT 2310000 200 0.003335
ST 2310000 200 0.000479
SA 2310000 200 0.001957
BWT 2310000 200 0.002206
ST 2310000 200 0.000467
SA 2310000 200 0.001952
BWT 2310000 200 0.002271
ST 2310000 200 0.000451
SA 2310000 200 0.002007
BWT 2310000 200 0.002279
ST 2310000 200 0.000469
SA 2310000 300 0.002547
BWT 2310000 300 0.003264
ST 2310000 300 0.000775
SA 2310000 300 0.002442
BWT 2310000 300 0.005366
ST 2310000 300 0.000539
SA 2310000 300 0.002395
BWT 2310000 300 0.007669
ST 2310000 300 0.000529
SA 2310000 300 0.002402
BWT 2310000 300 0.005458
ST 2310000 300 0.000530
SA 2310000 300 0.002413
BWT 2310000 300 0.005032
ST 2310000 300 0.000528
SA 2310000 300 0.002401
BWT 2310000 300 0.006208
ST 2310000 300 0.000515
SA 2310000 300 0.002521
BWT 2310000 300 0.005251
ST 2310000 300 0.000511
SA 2310000 300 0.002412
BWT 2310000 300 0.005958
ST 2310000 300 0.000530
SA 2310000 300 0.002707
BWT 2310000 300 0.005810
ST 2310000 300 0.000540
SA 2310000 300 0.002482
BWT 2310000 300 0.003653
ST 2310000 300 0.000503
SA 2310000 400 0.003016
BWT 2310000 400 0.004393
ST 2310000 400 0.000569
SA 2310000 400 0.003081
BWT 2310000 400 0.007114
ST 2310000 400 0.000575
SA 2310000 400 0.003045
BWT 2310000 400 0.004287
ST 2310000 400 0.000561
SA 2310000 400 0.002904
BWT 2310000 400 0.006507
ST 2310000 400 0.000565
SA 2310000 400 0.003091
BWT 2310000 400 0.004423
ST 2310000 400 0.000560
SA 2310000 400 0.002901
BWT 2310000 400 0.007683
ST 2310000 400 0.000561
SA 2310000 400 0.002924
BWT 2310000 400 0.004325
ST 2310000 400 0.000565
SA 2310000 400 0.003055
BWT 2310000 400 0.007450
ST 2310000 400 0.000771
SA 2310000 400 0.002952
BWT 2310000 400 0.004391
ST 2310000 400 0.000595
SA 2310000 400 0.002971
BWT 2310000 400 0.004350
ST 2310000 400 0.000610
SA 2310000 500 0.003357
BWT 2310000 500 0.008533
ST 2310000 500 0.000609
SA 2310000 500 0.003360
BWT 2310000 500 0.005276
ST 2310000 500 0.000613
SA 2310000 500 0.003442
BWT 2310000 500 0.005244
ST 2310000 500 0.000631
SA 2310000 500 0.003406
BWT 2310000 500 0.009323
ST 2310000 500 0.000633
SA 2310000 500 0.003398
BWT 2310000 500 0.005326
ST 2310000 500 0.000632
SA 2310000 500 0.003415
BWT 2310000 500 0.008888
ST 2310000 500 0.000627
SA 2310000 500 0.003261
BWT 2310000 500 0.005519
ST 2310000 500 0.000608
SA 2310000 500 0.003380
BWT 2310000 500 0.005238
ST 2310000 500 0.000636
SA 2310000 500 0.003574
BWT 2310000 500 0.005494
ST 2310000 500 0.000609
SA 2310000 500 0.003432
BWT 2310000 500 0.005223
ST 2310000 500 0.000596
SA 2410000 100 0.001707
BWT 2410000 100 0.001755
ST 2410000 100 0.000728
SA 2410000 100 0.001578
BWT 2410000 100 0.001719
ST 2410000 100 0.000427
SA 2410000 100 0.001649
BWT 2410000 100 0.001147
ST 2410000 100 0.000416
SA 2410000 100 0.001577
BWT 2410000 100 0.002085
ST 2410000 100 0.000510
SA 2410000 100 0.001526
BWT 2410000 100 0.001792
ST 2410000 100 0.000651
SA 2410000 100 0.001544
BWT 2410000 100 0.001172
ST 2410000 100 0.000422
SA 2410000 100 0.001546
BWT 2410000 100 0.002396
ST 2410000 100 0.000423
SA 2410000 100 0.001541
BWT 2410000 100 0.001123
ST 2410000 100 0.000401
SA 2410000 100 0.001534
BWT 2410000 100 0.001883
ST 2410000 100 0.000405
SA 2410000 100 0.001530
BWT 2410000 100 0.001123
ST 2410000 100 0.000440
SA 2410000 200 0.002113
BWT 2410000 200 0.002375
ST 2410000 200 0.000474
SA 2410000 200 0.001974
BWT 2410000 200 0.002179
ST 2410000 200 0.000490
SA 2410000 200 0.002130
BWT 2410000 200 0.003833
ST 2410000 200 0.000511
SA 2410000 200 0.001968
BWT 2410000 200 0.002213
ST 2410000 200 0.000463
SA 2410000 200 0.001994
BWT 2410000 200 0.003477
ST 2410000 200 0.000460
SA 2410000 200 0.001976
BWT 2410000 200 0.003365
ST 2410000 200 0.000457
SA 2410000 200 0.001964
BWT 2410000 200 0.002214
ST 2410000 200 0.000459
SA 2410000 200 0.001964
BWT 2410000 200 0.003846
ST 2410000 200 0.000476
SA 2410000 200 0.002324
BWT 2410000 200 0.002201
ST 2410000 200 0.000474
SA 2410000 200 0.001995
BWT 2410000 200 0.002256
ST 2410000 200 0.000585
SA 2410000 300 0.002667
BWT 2410000 300 0.003290
ST 2410000 300 0.000530
SA 2410000 300 0.002584
BWT 2410000 300 0.003507
ST 2410000 300 0.000529
SA 2410000 300 0.002499
BWT 2410000 300 0.005434
ST 2410000 300 0.000524
SA 2410000 300 0.002650
BWT 2410000 300 0.003240
ST 2410000 300 0.000531
SA 2410000 300 0.002617
BWT 2410000 300 0.003453
ST 2410000 300 0.000533
SA 2410000 300 0.002589
BWT 2410000 300 0.003357
ST 2410000 300 0.001064
SA 2410000 300 0.002597
BWT 2410000 300 0.003419
ST 2410000 300 0.000523
SA 2410000 300 0.002625
BWT 2410000 300 0.003484
ST 2410000 300 0.000617
SA 2410000 300 0.002607
BWT 2410000 300 0.003295
ST 2410000 300 0.000521
SA 2410000 300 0.002880
BWT 2410000 300 0.003310
ST 2410000 300 0.000601
SA 2410000 400 0.002900
BWT 2410000 400 0.004304
ST 2410000 400 0.000569
SA 2410000 400 0.003026
BWT 2410000 400 0.004501
ST 2410000 400 0.000660
SA 2410000 400 0.002842
BWT 2410000 400 0.004402
ST 2410000 400 0.000735
SA 2410000 400 0.002876
BWT 2410000 400 0.004545
ST 2410000 400 0.000595
SA 2410000 400 0.003074
BWT 2410000 400 0.004334
ST 2410000 400 0.000586
SA 2410000 400 0.003281
BWT 2410000 400 0.004321
ST 2410000 400 0.000590
SA 2410000 400 0.002876
BWT 2410000 400 0.004323
ST 2410000 400 0.000598
SA 2410000 400 0.002887
BWT 2410000 400 0.004292
ST 2410000 400 0.000562
SA 2410000 400 0.002963
BWT 2410000 400 0.004681
ST 2410000 400 0.000591
SA 2410000 400 0.003146
BWT 2410000 400 0.004272
ST 2410000 400 0.000646
SA 2410000 500 0.003490
BWT 2410000 500 0.005450
ST 2410000 500 0.000667
SA 2410000 500 0.003492
BWT 2410000 500 0.005501
ST 2410000 500 0.000638
SA 2410000 500 0.003381
BWT 2410000 500 0.005589
ST 2410000 500 0.000650
SA 2410000 500 0.003298
BWT 2410000 500 0.007687
ST 2410000 500 0.000775
SA 2410000 500 0.003760
BWT 2410000 500 0.006660
ST 2410000 500 0.000611
SA 2410000 500 0.003455
BWT 2410000 500 0.005507
ST 2410000 500 0.000662
SA 2410000 500 0.003756
BWT 2410000 500 0.005514
ST 2410000 500 0.000622
SA 2410000 500 0.003373
BWT 2410000 500 0.008863
ST 2410000 500 0.000671
SA 2410000 500 0.003639
BWT 2410000 500 0.005442
ST 2410000 500 0.000649
SA 2410000 500 0.004125
BWT 2410000 500 0.006725
ST 2410000 500 0.000641
SA 2510000 100 0.001791
BWT 2510000 100 0.001167
ST 2510000 100 0.000440
SA 2510000 100 0.001728
BWT 2510000 100 0.001226
ST 2510000 100 0.000478
SA 2510000 100 0.001771
BWT 2510000 100 0.001244
ST 2510000 100 0.000416
SA 2510000 100 0.001542
BWT 2510000 100 0.001885
ST 2510000 100 0.000419
SA 2510000 100 0.001709
BWT 2510000 100 0.001557
ST 2510000 100 0.000429
SA 2510000 100 0.001565
BWT 2510000 100 0.001936
ST 2510000 100 0.000434
SA 2510000 100 0.002088
BWT 2510000 100 0.001127
ST 2510000 100 0.000458
SA 2510000 100 0.001661
BWT 2510000 100 0.001659
ST 2510000 100 0.000481
SA 2510000 100 0.001701
BWT 2510000 100 0.001134
ST 2510000 100 0.000441
SA 2510000 100 0.001726
BWT 2510000 100 0.001149
ST 2510000 100 0.000520
SA 2510000 200 0.002259
BWT 2510000 200 0.002293
ST 2510000 200 0.000473
SA 2510000 200 0.001989
BWT 2510000 200 0.002671
ST 2510000 200 0.000544
SA 2510000 200 0.002066
BWT 2510000 200 0.002641
ST 2510000 200 0.000579
SA 2510000 200 0.002291
BWT 2510000 200 0.002186
ST 2510000 200 0.000562
SA 2510000 200 0.001989
BWT 2510000 200 0.002251
ST 2510000 200 0.000540
SA 2510000 200 0.002079
BWT 2510000 200 0.002167
ST 2510000 200 0.000531
SA 2510000 200 0.002306
BWT 2510000 200 0.003771
ST 2510000 200 0.000489
SA 2510000 200 0.002117
BWT 2510000 200 0.002207
ST 2510000 200 0.000466
SA 2510000 200 0.002075
BWT 2510000 200 0.002369
ST 2510000 200 0.000522
SA 2510000 200 0.002124
BWT 2510000 200 0.002245
ST 2510000 200 0.000567
SA 2510000 300 0.002538
BWT 2510000 300 0.004707
ST 2510000 300 0.000545
SA 2510000 300 0.002652
BWT 2510000 300 0.003417
ST 2510000 300 0.000565
SA 2510000 300 0.002723
BWT 2510000 300 0.004230
ST 2510000 300 0.000583
SA 2510000 300 0.002676
BWT 2510000 300 0.003835
ST 2510000 300 0.000548
SA 2510000 300 0.002820
BWT 2510000 300 0.003443
ST 2510000 300 0.000564
SA 2510000 300 0.002710
BWT 2510000 300 0.003461
ST 2510000 300 0.000533
SA 2510000 300 0.002579
BWT 2510000 300 0.003933
ST 2510000 300 0.000584
SA 2510000 300 0.002859
BWT 2510000 300 0.003297
ST 2510000 300 0.000586
SA 2510000 300 0.002543
BWT 2510000 300 0.003404
ST 2510000 300 0.000672
SA 2510000 300 0.002505
BWT 2510000 300 0.003890
ST 2510000 300 0.000546
SA 2510000 400 0.002885
BWT 2510000 400 0.004457
ST 2510000 400 0.000711
SA 2510000 400 0.003284
BWT 2510000 400 0.004635
ST 2510000 400 0.000653
SA 2510000 400 0.003145
BWT 2510000 400 0.004899
ST 2510000 400 0.000696
SA 2510000 400 0.003271
BWT 2510000 400 0.005868
ST 2510000 400 0.000626
SA 2510000 400 0.003020
BWT 2510000 400 0.005019
ST 2510000 400 0.000686
SA 2510000 400 0.003238
BWT 2510000 400 0.004773
ST 2510000 400 0.000680
SA 2510000 400 0.003113
BWT 2510000 400 0.004710
ST 2510000 400 0.000694
SA 2510000 400 0.003032
BWT 2510000 400 0.004387
ST 2510000 400 0.000766
SA 2510000 400 0.003126
BWT 2510000 400 0.004858
ST 2510000 400 0.000702
SA 2510000 400 0.003239
BWT 2510000 400 0.006968
ST 2510000 400 0.000598
SA 2510000 500 0.003851
BWT 2510000 500 0.005533
ST 2510000 500 0.000635
SA 2510000 500 0.003406
BWT 2510000 500 0.005564
ST 2510000 500 0.000661
SA 2510000 500 0.003819
BWT 2510000 500 0.009726
ST 2510000 500 0.000661
SA 2510000 500 0.003564
BWT 2510000 500 0.005498
ST 2510000 500 0.000651
SA 2510000 500 0.003395
BWT 2510000 500 0.005450
ST 2510000 500 0.000643
SA 2510000 500 0.003385
BWT 2510000 500 0.005466
ST 2510000 500 0.000635
SA 2510000 500 0.003441
BWT 2510000 500 0.005562
ST 2510000 500 0.000645
SA 2510000 500 0.003490
BWT 2510000 500 0.005592
ST 2510000 500 0.000652
SA 2510000 500 0.003399
BWT 2510000 500 0.005547
ST 2510000 500 0.000638
SA 2510000 500 0.003395
BWT 2510000 500 0.005357
ST 2510000 500 0.000644
SA 2610000 100 0.001609
BWT 2610000 100 0.001147
ST 2610000 100 0.000464
SA 2610000 100 0.001678
BWT 2610000 100 0.001157
ST 2610000 100 0.000451
SA 2610000 100 0.001630
BWT 2610000 100 0.001147
ST 2610000 100 0.000445
SA 2610000 100 0.001616
BWT 2610000 100 0.001160
ST 2610000 100 0.000471
SA 2610000 100 0.001624
BWT 2610000 100 0.001259
ST 2610000 100 0.000443
SA 2610000 100 0.001599
BWT 2610000 100 0.001142
ST 2610000 100 0.000456
SA 2610000 100 0.001788
BWT 2610000 100 0.001187
ST 2610000 100 0.000454
SA 2610000 100 0.001675
BWT 2610000 100 0.001141
ST 2610000 100 0.000426
SA 2610000 100 0.001781
BWT 2610000 100 0.001209
ST 2610000 100 0.000448
SA 2610000 100 0.001746
BWT 2610000 100 0.002701
ST 2610000 100 0.000602
SA 2610000 200 0.002129
BWT 2610000 200 0.002222
ST 2610000 200 0.000538
SA 2610000 200 0.002142
BWT 2610000 200 0.002777
ST 2610000 200 0.000471
SA 2610000 200 0.002009
BWT 2610000 200 0.002275
ST 2610000 200 0.000478
SA 261000