SA 3500000 100 0.001988
BWT 3500000 100 0.001953
ST 3500000 100 0.000497
SA 3500000 100 0.001997
BWT 3500000 100 0.002029
ST 3500000 100 0.000473
SA 3500000 100 0.001821
BWT 3500000 100 0.002104
ST 3500000 100 0.000468
SA 3500000 100 0.002343
BWT 3500000 100 0.002009
ST 3500000 100 0.000470
SA 3500000 100 0.002152
BWT 3500000 100 0.002105
ST 3500000 100 0.000501
SA 3500000 100 0.002256
BWT 3500000 100 0.001996
ST 3500000 100 0.000466
SA 3500000 100 0.001916
BWT 3500000 100 0.001999
ST 3500000 100 0.000525
SA 3500000 100 0.002044
BWT 3500000 100 0.001979
ST 3500000 100 0.000507
SA 3500000 100 0.002040
BWT 3500000 100 0.002339
ST 3500000 100 0.000556
SA 3500000 100 0.002521
BWT 3500000 100 0.002270
ST 3500000 100 0.000529
SA 3500000 200 0.002655
BWT 3500000 200 0.004178
ST 3500000 200 0.000606
SA 3500000 200 0.002447
BWT 3500000 200 0.004138
ST 3500000 200 0.000551
SA 3500000 200 0.002432
BWT 3500000 200 0.004258
ST 3500000 200 0.000540
SA 3500000 200 0.002955
BWT 3500000 200 0.004014
ST 3500000 200 0.000547
SA 3500000 200 0.002568
BWT 3500000 200 0.003866
ST 3500000 200 0.000556
SA 3500000 200 0.002585
BWT 3500000 200 0.004072
ST 3500000 200 0.000555
SA 3500000 200 0.002543
BWT 3500000 200 0.003865
ST 3500000 200 0.000602
SA 3500000 200 0.002272
BWT 3500000 200 0.004070
ST 3500000 200 0.000556
SA 3500000 200 0.002511
BWT 3500000 200 0.003783
ST 3500000 200 0.000498
SA 3500000 200 0.002076
BWT 3500000 200 0.003954
ST 3500000 200 0.000550
SA 3500000 300 0.002579
BWT 3500000 300 0.005467
ST 3500000 300 0.000581
SA 3500000 300 0.002844
BWT 3500000 300 0.005542
ST 3500000 300 0.000608
SA 3500000 300 0.002463
BWT 3500000 300 0.005939
ST 3500000 300 0.000550
SA 3500000 300 0.002504
BWT 3500000 300 0.006101
ST 3500000 300 0.000557
SA 3500000 300 0.002755
BWT 3500000 300 0.005627
ST 3500000 300 0.000552
SA 3500000 300 0.002801
BWT 3500000 300 0.005741
ST 3500000 300 0.000564
SA 3500000 300 0.002490
BWT 3500000 300 0.005630
ST 3500000 300 0.000555
SA 3500000 300 0.002498
BWT 3500000 300 0.005638
ST 3500000 300 0.000553
SA 3500000 300 0.002838
BWT 3500000 300 0.005646
ST 3500000 300 0.000554
SA 3500000 300 0.002464
BWT 3500000 300 0.005593
ST 3500000 300 0.000558
SA 3500000 400 0.002861
BWT 3500000 400 0.007866
ST 3500000 400 0.000590
SA 3500000 400 0.003238
BWT 3500000 400 0.007438
ST 3500000 400 0.000608
SA 3500000 400 0.003145
BWT 3500000 400 0.007413
ST 3500000 400 0.000595
SA 3500000 400 0.002851
BWT 3500000 400 0.007535
ST 3500000 400 0.000594
SA 3500000 400 0.003016
BWT 3500000 400 0.007487
ST 3500000 400 0.000596
SA 3500000 400 0.003663
BWT 3500000 400 0.007389
ST 3500000 400 0.000595
SA 3500000 400 0.002903
BWT 3500000 400 0.007498
ST 3500000 400 0.000607
SA 3500000 400 0.002854
BWT 3500000 400 0.007284
ST 3500000 400 0.000602
SA 3500000 400 0.002845
BWT 3500000 400 0.007261
ST 3500000 400 0.000585
SA 3500000 400 0.002887
BWT 3500000 400 0.007514
ST 3500000 400 0.000600
SA 3500000 500 0.003248
BWT 3500000 500 0.009466
ST 3500000 500 0.000637
SA 3500000 500 0.003531
BWT 3500000 500 0.009300
ST 3500000 500 0.000621
SA 3500000 500 0.003619
BWT 3500000 500 0.009558
ST 3500000 500 0.000635
SA 3500000 500 0.003956
BWT 3500000 500 0.009342
ST 3500000 500 0.000642
SA 3500000 500 0.003215
BWT 3500000 500 0.009365
ST 3500000 500 0.000638
SA 3500000 500 0.003224
BWT 3500000 500 0.009470
ST 3500000 500 0.000639
SA 3500000 500 0.003601
BWT 3500000 500 0.009002
ST 3500000 500 0.000634
SA 3500000 500 0.003516
BWT 3500000 500 0.009420
ST 3500000 500 0.000633
SA 3500000 500 0.003200
BWT 3500000 500 0.009268
ST 3500000 500 0.000638
SA 3500000 500 0.003257
BWT 3500000 500 0.009350
ST 3500000 500 0.000699
SA 3600000 100 0.001872
BWT 3600000 100 0.001971
ST 3600000 100 0.000516
SA 3600000 100 0.001727
BWT 3600000 100 0.001972
ST 3600000 100 0.000465
SA 3600000 100 0.002033
BWT 3600000 100 0.002027
ST 3600000 100 0.000463
SA 3600000 100 0.001996
BWT 3600000 100 0.002056
ST 3600000 100 0.000467
SA 3600000 100 0.001906
BWT 3600000 100 0.001981
ST 3600000 100 0.000469
SA 3600000 100 0.001738
BWT 3600000 100 0.002114
ST 3600000 100 0.000475
SA 3600000 100 0.002046
BWT 3600000 100 0.002090
ST 3600000 100 0.000461
SA 3600000 100 0.001736
BWT 3600000 100 0.001961
ST 3600000 100 0.000468
SA 3600000 100 0.001794
BWT 3600000 100 0.002019
ST 3600000 100 0.000461
SA 3600000 100 0.001707
BWT 3600000 100 0.002003
ST 3600000 100 0.000474
SA 3600000 200 0.002131
BWT 3600000 200 0.003744
ST 3600000 200 0.000513
SA 3600000 200 0.002155
BWT 3600000 200 0.003829
ST 3600000 200 0.000515
SA 3600000 200 0.002392
BWT 3600000 200 0.003849
ST 3600000 200 0.000511
SA 3600000 200 0.002096
BWT 3600000 200 0.003925
ST 3600000 200 0.000515
SA 3600000 200 0.002321
BWT 3600000 200 0.004216
ST 3600000 200 0.000498
SA 3600000 200 0.002416
BWT 3600000 200 0.003755
ST 3600000 200 0.000520
SA 3600000 200 0.002425
BWT 3600000 200 0.004348
ST 3600000 200 0.000525
SA 3600000 200 0.002612
BWT 3600000 200 0.004465
ST 3600000 200 0.000576
SA 3600000 200 0.002394
BWT 3600000 200 0.004525
ST 3600000 200 0.000522
SA 3600000 200 0.002375
BWT 3600000 200 0.003904
ST 3600000 200 0.000643
SA 3600000 300 0.002563
BWT 3600000 300 0.005914
ST 3600000 300 0.000578
SA 3600000 300 0.002825
BWT 3600000 300 0.005678
ST 3600000 300 0.000576
SA 3600000 300 0.002803
BWT 3600000 300 0.005629
ST 3600000 300 0.000587
SA 3600000 300 0.002862
BWT 3600000 300 0.005611
ST 3600000 300 0.000547
SA 3600000 300 0.002854
BWT 3600000 300 0.005731
ST 3600000 300 0.000560
SA 3600000 300 0.002767
BWT 3600000 300 0.006201
ST 3600000 300 0.000585
SA 3600000 300 0.002487
BWT 3600000 300 0.005599
ST 3600000 300 0.000565
SA 3600000 300 0.002496
BWT 3600000 300 0.005632
ST 3600000 300 0.000553
SA 3600000 300 0.002484
BWT 3600000 300 0.005837
ST 3600000 300 0.000550
SA 3600000 300 0.002518
BWT 3600000 300 0.005722
ST 3600000 300 0.000539
SA 3600000 400 0.002918
BWT 3600000 400 0.007548
ST 3600000 400 0.000605
SA 3600000 400 0.003142
BWT 3600000 400 0.007708
ST 3600000 400 0.000585
SA 3600000 400 0.003235
BWT 3600000 400 0.007681
ST 3600000 400 0.000589
SA 3600000 400 0.002890
BWT 3600000 400 0.007556
ST 3600000 400 0.000597
SA 3600000 400 0.002893
BWT 3600000 400 0.008012
ST 3600000 400 0.000602
SA 3600000 400 0.003181
BWT 3600000 400 0.007519
ST 3600000 400 0.000597
SA 3600000 400 0.002890
BWT 3600000 400 0.007624
ST 3600000 400 0.000601
SA 3600000 400 0.002852
BWT 3600000 400 0.007712
ST 3600000 400 0.000597
SA 3600000 400 0.002888
BWT 3600000 400 0.008136
ST 3600000 400 0.000594
SA 3600000 400 0.003112
BWT 3600000 400 0.007473
ST 3600000 400 0.000585
SA 3600000 500 0.003322
BWT 3600000 500 0.009374
ST 3600000 500 0.000638
SA 3600000 500 0.003528
BWT 3600000 500 0.009337
ST 3600000 500 0.000648
SA 3600000 500 0.003227
BWT 3600000 500 0.009387
ST 3600000 500 0.000618
SA 3600000 500 0.003686
BWT 3600000 500 0.009414
ST 3600000 500 0.000638
SA 3600000 500 0.004291
BWT 3600000 500 0.009301
ST 3600000 500 0.000639
SA 3600000 500 0.003222
BWT 3600000 500 0.009413
ST 3600000 500 0.000638
SA 3600000 500 0.003530
BWT 3600000 500 0.009943
ST 3600000 500 0.000639
SA 3600000 500 0.003577
BWT 3600000 500 0.009582
ST 3600000 500 0.000636
SA 3600000 500 0.003238
BWT 3600000 500 0.009568
ST 3600000 500 0.000638
SA 3600000 500 0.003329
BWT 3600000 500 0.009394
ST 3600000 500 0.000637
SA 3700000 100 0.002011
BWT 3700000 100 0.002066
ST 3700000 100 0.000478
SA 3700000 100 0.001727
BWT 3700000 100 0.002087
ST 3700000 100 0.000470
SA 3700000 100 0.002046
BWT 3700000 100 0.002038
ST 3700000 100 0.000480
SA 3700000 100 0.002049
BWT 3700000 100 0.002076
ST 3700000 100 0.000496
SA 3700000 100 0.001742
BWT 3700000 100 0.002061
ST 3700000 100 0.000478
SA 3700000 100 0.002009
BWT 3700000 100 0.002153
ST 3700000 100 0.000478
SA 3700000 100 0.002045
BWT 3700000 100 0.002039
ST 3700000 100 0.000474
SA 3700000 100 0.002624
BWT 3700000 100 0.002048
ST 3700000 100 0.000595
SA 3700000 100 0.002042
BWT 3700000 100 0.002007
ST 3700000 100 0.000471
SA 3700000 100 0.001719
BWT 3700000 100 0.002045
ST 3700000 100 0.000470
SA 3700000 200 0.002123
BWT 3700000 200 0.003914
ST 3700000 200 0.000516
SA 3700000 200 0.002116
BWT 3700000 200 0.003877
ST 3700000 200 0.000516
SA 3700000 200 0.002387
BWT 3700000 200 0.003922
ST 3700000 200 0.000508
SA 3700000 200 0.002394
BWT 3700000 200 0.003895
ST 3700000 200 0.000512
SA 3700000 200 0.002161
BWT 3700000 200 0.003895
ST 3700000 200 0.000513
SA 3700000 200 0.002414
BWT 3700000 200 0.003804
ST 3700000 200 0.000508
SA 3700000 200 0.002135
BWT 3700000 200 0.004044
ST 3700000 200 0.000514
SA 3700000 200 0.002398
BWT 3700000 200 0.003948
ST 3700000 200 0.000576
SA 3700000 200 0.002367
BWT 3700000 200 0.003906
ST 3700000 200 0.000514
SA 3700000 200 0.002400
BWT 3700000 200 0.003869
ST 3700000 200 0.000512
SA 3700000 300 0.002787
BWT 3700000 300 0.005736
ST 3700000 300 0.000578
SA 3700000 300 0.002493
BWT 3700000 300 0.005860
ST 3700000 300 0.000568
SA 3700000 300 0.002795
BWT 3700000 300 0.006058
ST 3700000 300 0.000560
SA 3700000 300 0.002791
BWT 3700000 300 0.005758
ST 3700000 300 0.000561
SA 3700000 300 0.002639
BWT 3700000 300 0.005728
ST 3700000 300 0.000549
SA 3700000 300 0.002527
BWT 3700000 300 0.005744
ST 3700000 300 0.000557
SA 3700000 300 0.002581
BWT 3700000 300 0.005664
ST 3700000 300 0.000634
SA 3700000 300 0.002814
BWT 3700000 300 0.005949
ST 3700000 300 0.000570
SA 3700000 300 0.002511
BWT 3700000 300 0.006290
ST 3700000 300 0.000563
SA 3700000 300 0.002534
BWT 3700000 300 0.005619
ST 3700000 300 0.000567
SA 3700000 400 0.003171
BWT 3700000 400 0.007524
ST 3700000 400 0.000624
SA 3700000 400 0.003178
BWT 3700000 400 0.007639
ST 3700000 400 0.000669
SA 3700000 400 0.002932
BWT 3700000 400 0.007572
ST 3700000 400 0.000593
SA 3700000 400 0.002878
BWT 3700000 400 0.007737
ST 3700000 400 0.000586
SA 3700000 400 0.002911
BWT 3700000 400 0.007584
ST 3700000 400 0.000605
SA 3700000 400 0.003216
BWT 3700000 400 0.007555
ST 3700000 400 0.000607
SA 3700000 400 0.002892
BWT 3700000 400 0.007568
ST 3700000 400 0.000630
SA 3700000 400 0.003206
BWT 3700000 400 0.007860
ST 3700000 400 0.000635
SA 3700000 400 0.003293
BWT 3700000 400 0.008206
ST 3700000 400 0.000604
SA 3700000 400 0.003779
BWT 3700000 400 0.007773
ST 3700000 400 0.001879
SA 3700000 500 0.013861
BWT 3700000 500 0.021235
ST 3700000 500 0.002071
SA 3700000 500 0.011012
BWT 3700000 500 0.017027
ST 3700000 500 0.001516
SA 3700000 500 0.008835
BWT 3700000 500 0.015576
ST 3700000 500 0.001431
SA 3700000 500 0.003712
BWT 3700000 500 0.009345
ST 3700000 500 0.000668
SA 3700000 500 0.003660
BWT 3700000 500 0.009933
ST 3700000 500 0.000709
SA 3700000 500 0.003565
BWT 3700000 500 0.009446
ST 3700000 500 0.002067
SA 3700000 500 0.013356
BWT 3700000 500 0.028564
ST 3700000 500 0.002281
SA 3700000 500 0.014879
BWT 3700000 500 0.021630
ST 3700000 500 0.002067
SA 3700000 500 0.013310
BWT 3700000 500 0.009359
ST 3700000 500 0.000939
SA 3700000 500 0.003320
BWT 3700000 500 0.009181
ST 3700000 500 0.000625
SA 3800000 100 0.002018
BWT 3800000 100 0.002055
ST 3800000 100 0.000469
SA 3800000 100 0.001741
BWT 3800000 100 0.002777
ST 3800000 100 0.000813
SA 3800000 100 0.004179
BWT 3800000 100 0.003462
ST 3800000 100 0.001023
SA 3800000 100 0.004164
BWT 3800000 100 0.003217
ST 3800000 100 0.000829
SA 3800000 100 0.003692
BWT 3800000 100 0.003020
ST 3800000 100 0.001009
SA 3800000 100 0.003550
BWT 3800000 100 0.002930
ST 3800000 100 0.000480
SA 3800000 100 0.001752
BWT 3800000 100 0.002110
ST 3800000 100 0.000623
SA 3800000 100 0.001770
BWT 3800000 100 0.002098
ST 3800000 100 0.000468
SA 3800000 100 0.002031
BWT 3800000 100 0.002056
ST 3800000 100 0.000732
SA 3800000 100 0.006042
BWT 3800000 100 0.004521
ST 3800000 100 0.001289
SA 3800000 200 0.007695
BWT 3800000 200 0.006928
ST 3800000 200 0.001045
SA 3800000 200 0.005042
BWT 3800000 200 0.006132
ST 3800000 200 0.000981
SA 3800000 200 0.002485
BWT 3800000 200 0.003942
ST 3800000 200 0.000513
SA 3800000 200 0.002459
BWT 3800000 200 0.003866
ST 3800000 200 0.000514
SA 3800000 200 0.002445
BWT 3800000 200 0.004025
ST 3800000 200 0.000514
SA 3800000 200 0.004272
BWT 3800000 200 0.005864
ST 3800000 200 0.001473
SA 3800000 200 0.008531
BWT 3800000 200 0.008883
ST 3800000 200 0.001272
SA 3800000 200 0.005598
BWT 3800000 200 0.006474
ST 3800000 200 0.001005
SA 3800000 200 0.005142
BWT 3800000 200 0.003938
ST 3800000 200 0.000533
SA 3800000 200 0.002401
BWT 3800000 200 0.003910
ST 3800000 200 0.000525
SA 3800000 300 0.002809
BWT 3800000 300 0.005762
ST 3800000 300 0.000560
SA 3800000 300 0.002832
BWT 3800000 300 0.007693
ST 3800000 300 0.001052
SA 3800000 300 0.006491
BWT 3800000 300 0.009398
ST 3800000 300 0.001193
SA 3800000 300 0.006181
BWT 3800000 300 0.009054
ST 3800000 300 0.001033
SA 3800000 300 0.005791
BWT 3800000 300 0.008140
ST 3800000 300 0.000999
SA 3800000 300 0.005466
BWT 3800000 300 0.008255
ST 3800000 300 0.000574
SA 3800000 300 0.002900
BWT 3800000 300 0.006107
ST 3800000 300 0.000561
SA 3800000 300 0.002526
BWT 3800000 300 0.005799
ST 3800000 300 0.000707
SA 3800000 300 0.002504
BWT 3800000 300 0.005567
ST 3800000 300 0.000954
SA 3800000 300 0.009198
BWT 3800000 300 0.013571
ST 3800000 300 0.001713
SA 3800000 400 0.011602
BWT 3800000 400 0.016269
ST 3800000 400 0.001367
SA 3800000 400 0.007638
BWT 3800000 400 0.012389
ST 3800000 400 0.000695
SA 3800000 400 0.003436
BWT 3800000 400 0.007615
ST 3800000 400 0.000629
SA 3800000 400 0.003261
BWT 3800000 400 0.007549
ST 3800000 400 0.000600
SA 3800000 400 0.003229
BWT 3800000 400 0.007550
ST 3800000 400 0.001076
SA 3800000 400 0.008513
BWT 3800000 400 0.016192
ST 3800000 400 0.001608
SA 3800000 400 0.009360
BWT 3800000 400 0.012964
ST 3800000 400 0.001254
SA 3800000 400 0.007184
BWT 3800000 400 0.012127
ST 3800000 400 0.001162
SA 3800000 400 0.006736
BWT 3800000 400 0.011154
ST 3800000 400 0.001142
SA 3800000 400 0.006214
BWT 3800000 400 0.011004
ST 3800000 400 0.001144
SA 3800000 500 0.008254
BWT 3800000 500 0.014882
ST 3800000 500 0.001821
SA 3800000 500 0.008783
BWT 3800000 500 0.015437
ST 3800000 500 0.001422
SA 3800000 500 0.008824
BWT 3800000 500 0.015375
ST 3800000 500 0.001445
SA 3800000 500 0.009314
BWT 3800000 500 0.015495
ST 3800000 500 0.001431
SA 3800000 500 0.009361
BWT 3800000 500 0.016140
ST 3800000 500 0.001529
SA 3800000 500 0.009328
BWT 3800000 500 0.016723
ST 3800000 500 0.001601
SA 3800000 500 0.010302
BWT 3800000 500 0.017715
ST 3800000 500 0.001745
SA 3800000 500 0.010780
BWT 3800000 500 0.017829
ST 3800000 500 0.001871
SA 3800000 500 0.012034
BWT 3800000 500 0.019607
ST 3800000 500 0.001917
SA 3800000 500 0.012039
BWT 3800000 500 0.020364
ST 3800000 500 0.002073
SA 3900000 100 0.006101
BWT 3900000 100 0.004847
ST 3900000 100 0.001253
SA 3900000 100 0.005619
BWT 3900000 100 0.004479
ST 3900000 100 0.001391
SA 3900000 100 0.006411
BWT 3900000 100 0.004807
ST 3900000 100 0.001400
SA 3900000 100 0.006386
BWT 3900000 100 0.004821
ST 3900000 100 0.001476
SA 3900000 100 0.006734
BWT 3900000 100 0.004909
ST 3900000 100 0.001386
SA 3900000 100 0.006211
BWT 3900000 100 0.004761
ST 3900000 100 0.001413
SA 3900000 100 0.006504
BWT 3900000 100 0.004809
ST 3900000 100 0.001512
SA 3900000 100 0.006702
BWT 3900000 100 0.004790
ST 3900000 100 0.001390
SA 3900000 100 0.006473
BWT 3900000 100 0.004749
ST 3900000 100 0.001395
SA 3900000 100 0.006722
BWT 3900000 100 0.004851
ST 3900000 100 0.001362
SA 3900000 200 0.002159
BWT 3900000 200 0.003878
ST 3900000 200 0.000521
SA 3900000 200 0.002689
BWT 3900000 200 0.004002
ST 3900000 200 0.000518
SA 3900000 200 0.002152
BWT 3900000 200 0.003893
ST 3900000 200 0.000812
SA 3900000 200 0.004039
BWT 3900000 200 0.006923
ST 3900000 200 0.001587
SA 3900000 200 0.008455
BWT 3900000 200 0.009944
ST 3900000 200 0.001460
SA 3900000 200 0.007023
BWT 3900000 200 0.007047
ST 3900000 200 0.000954
SA 3900000 200 0.002556
BWT 3900000 200 0.003968
ST 3900000 200 0.000520
SA 3900000 200 0.002495
BWT 3900000 200 0.003966
ST 3900000 200 0.000634
SA 3900000 200 0.002982
BWT 3900000 200 0.003909
ST 3900000 200 0.000784
SA 3900000 200 0.004097
BWT 3900000 200 0.006351
ST 3900000 200 0.001095
SA 3900000 300 0.006674
BWT 3900000 300 0.009904
ST 3900000 300 0.001162
SA 3900000 300 0.006213
BWT 3900000 300 0.009125
ST 3900000 300 0.001039
SA 3900000 300 0.005751
BWT 3900000 300 0.008616
ST 3900000 300 0.001037
SA 3900000 300 0.005809
BWT 3900000 300 0.008492
ST 3900000 300 0.001047
SA 3900000 300 0.005775
BWT 3900000 300 0.009097
ST 3900000 300 0.001110
SA 3900000 300 0.006374
BWT 3900000 300 0.009580
ST 3900000 300 0.001233
SA 3900000 300 0.006929
BWT 3900000 300 0.010009
ST 3900000 300 0.001248
SA 3900000 300 0.006628
BWT 3900000 300 0.010334
ST 3900000 300 0.001333
SA 3900000 300 0.008081
BWT 3900000 300 0.010804
ST 3900000 300 0.001429
SA 3900000 300 0.008401
BWT 3900000 300 0.011771
ST 3900000 300 0.001540
SA 3900000 400 0.011672
BWT 3900000 400 0.016565
ST 3900000 400 0.001958
SA 3900000 400 0.011395
BWT 3900000 400 0.016453
ST 3900000 400 0.001878
SA 3900000 400 0.011409
BWT 3900000 400 0.016457
ST 3900000 400 0.002070
SA 3900000 400 0.012718
BWT 3900000 400 0.017708
ST 3900000 400 0.002403
SA 3900000 400 0.012533
BWT 3900000 400 0.017811
ST 3900000 400 0.002061
SA 3900000 400 0.012884
BWT 3900000 400 0.018314
ST 3900000 400 0.002072
SA 3900000 400 0.012993
BWT 3900000 400 0.017707
ST 3900000 400 0.002092
SA 3900000 400 0.012599
BWT 3900000 400 0.018357
ST 3900000 400 0.002085
SA 3900000 400 0.012685
BWT 3900000 400 0.017847
ST 3900000 400 0.002100
SA 3900000 400 0.012819
BWT 3900000 400 0.017815
ST 3900000 400 0.002167
SA 3900000 500 0.014619
BWT 3900000 500 0.022051
ST 3900000 500 0.002307
SA 3900000 500 0.014872
BWT 3900000 500 0.022499
ST 3900000 500 0.002295
SA 3900000 500 0.014793
BWT 3900000 500 0.022057
ST 3900000 500 0.002297
SA 3900000 500 0.014591
BWT 3900000 500 0.021968
ST 3900000 500 0.002320
SA 3900000 500 0.015046
BWT 3900000 500 0.022216
ST 3900000 500 0.002309
SA 3900000 500 0.015689
BWT 3900000 500 0.022988
ST 3900000 500 0.002420
SA 3900000 500 0.014733
BWT 3900000 500 0.022028
ST 3900000 500 0.002297
SA 3900000 500 0.014612
BWT 3900000 500 0.022395
ST 3900000 500 0.002300
SA 3900000 500 0.014659
BWT 3900000 500 0.022019
ST 3900000 500 0.002313
SA 3900000 500 0.014852
BWT 3900000 500 0.022146
ST 3900000 500 0.002312
SA 4000000 100 0.006564
BWT 4000000 100 0.004640
ST 4000000 100 0.001418
SA 4000000 100 0.006808
BWT 4000000 100 0.004902
ST 4000000 100 0.001384
SA 4000000 100 0.006849
BWT 4000000 100 0.004818
ST 4000000 100 0.001409
SA 4000000 100 0.006627
BWT 4000000 100 0.005390
ST 4000000 100 0.001380
SA 4000000 100 0.006877
BWT 4000000 100 0.004827
ST 4000000 100 0.001401
SA 4000000 100 0.006876
BWT 4000000 100 0.004779
ST 4000000 100 0.001400
SA 4000000 100 0.006357
BWT 4000000 100 0.004881
ST 4000000 100 0.001409
SA 4000000 100 0.006968
BWT 4000000 100 0.005145
ST 4000000 100 0.001401
SA 4000000 100 0.006609
BWT 4000000 100 0.004909
ST 4000000 100 0.001408
SA 4000000 100 0.006675
BWT 4000000 100 0.004797
ST 4000000 100 0.001444
SA 4000000 200 0.008835
BWT 4000000 200 0.009283
ST 4000000 200 0.001632
SA 4000000 200 0.008528
BWT 4000000 200 0.009273
ST 4000000 200 0.001614
SA 4000000 200 0.008388
BWT 4000000 200 0.009078
ST 4000000 200 0.001635
SA 4000000 200 0.008414
BWT 4000000 200 0.009125
ST 4000000 200 0.001618
SA 4000000 200 0.008652
BWT 4000000 200 0.009109
ST 4000000 200 0.001640
SA 4000000 200 0.008798
BWT 4000000 200 0.009178
ST 4000000 200 0.001646
SA 4000000 200 0.008972
BWT 4000000 200 0.009070
ST 4000000 200 0.001604
SA 4000000 200 0.008302
BWT 4000000 200 0.009218
ST 4000000 200 0.001660
SA 4000000 200 0.008736
BWT 4000000 200 0.009137
ST 4000000 200 0.001639
SA 4000000 200 0.008522
BWT 4000000 200 0.009291
ST 4000000 200 0.001639
SA 4000000 300 0.010969
BWT 4000000 300 0.013629
ST 4000000 300 0.001861
SA 4000000 300 0.010474
BWT 4000000 300 0.013462
ST 4000000 300 0.001853
SA 4000000 300 0.010589
BWT 4000000 300 0.014494
ST 4000000 300 0.001852
SA 4000000 300 0.010259
BWT 4000000 300 0.013537
ST 4000000 300 0.001854
SA 4000000 300 0.010801
BWT 4000000 300 0.014673
ST 4000000 300 0.001872
SA 4000000 300 0.010661
BWT 4000000 300 0.013723
ST 4000000 300 0.002144
SA 4000000 300 0.011211
BWT 4000000 300 0.013531
ST 4000000 300 0.001850
SA 4000000 300 0.010590
BWT 4000000 300 0.014034
ST 4000000 300 0.002202
SA 4000000 300 0.010607
BWT 4000000 300 0.013632
ST 4000000 300 0.001853
SA 4000000 300 0.011251
BWT 4000000 300 0.013518
ST 4000000 300 0.001848
SA 4000000 400 0.012717
BWT 4000000 400 0.019466
ST 4000000 400 0.002095
SA 4000000 400 0.002934
BWT 4000000 400 0.007812
ST 4000000 400 0.000617
SA 4000000 400 0.002970
BWT 4000000 400 0.007579
ST 4000000 400 0.000601
SA 4000000 400 0.003719
BWT 4000000 400 0.007709
ST 4000000 400 0.001051
SA 4000000 400 0.006803
BWT 4000000 400 0.017818
ST 4000000 400 0.001909
SA 4000000 400 0.011169
BWT 4000000 400 0.016862
ST 4000000 400 0.001907
SA 4000000 400 0.010421
BWT 4000000 400 0.013636
ST 4000000 400 0.001380
SA 4000000 400 0.008818
BWT 4000000 400 0.013049
ST 4000000 400 0.001319
SA 4000000 400 0.007414
BWT 4000000 400 0.012582
ST 4000000 400 0.001304
SA 4000000 400 0.007697
BWT 4000000 400 0.012697
ST 4000000 400 0.001600
SA 4000000 500 0.009496
BWT 4000000 500 0.016812
ST 4000000 500 0.001619
SA 4000000 500 0.010497
BWT 4000000 500 0.018265
ST 4000000 500 0.001729
SA 4000000 500 0.010995
BWT 4000000 500 0.018858
ST 4000000 500 0.001904
SA 4000000 500 0.012140
BWT 4000000 500 0.020767
ST 4000000 500 0.002085
SA 4000000 500 0.013111
BWT 4000000 500 0.020974
ST 4000000 500 0.002084
SA 4000000 500 0.013466
BWT 4000000 500 0.021150
ST 4000000 500 0.002298
SA 4000000 500 0.014891
BWT 4000000 500 0.022245
ST 4000000 500 0.002320
SA 4000000 500 0.015273
BWT 4000000 500 0.023019
ST 4000000 500 0.002325
SA 4000000 500 0.014643
BWT 4000000 500 0.022413
ST 4000000 500 0.002296
SA 4000000 500 0.014911
BWT 4000000 500 0.022074
ST 4000000 500 0.002325
SA 4100000 100 0.006620
BWT 4100000 100 0.005448
ST 4100000 100 0.001492
SA 4100000 100 0.006497
BWT 4100000 100 0.004879
ST 4100000 100 0.001398
SA 4100000 100 0.006485
BWT 4100000 100 0.004801
ST 4100000 100 0.001389
SA 4100000 100 0.006562
BWT 4100000 100 0.004809
ST 4100000 100 0.001408
SA 4100000 100 0.006482
BWT 4100000 100 0.005290
ST 4100000 100 0.001398
SA 4100000 100 0.006854
BWT 4100000 100 0.004799
ST 4100000 100 0.001430
SA 4100000 100 0.006462
BWT 4100000 100 0.005350
ST 4100000 100 0.001396
SA 4100000 100 0.006884
BWT 4100000 100 0.004843
ST 4100000 100 0.001454
SA 4100000 100 0.006587
BWT 4100000 100 0.004793
ST 4100000 100 0.001654
SA 4100000 100 0.006941
BWT 4100000 100 0.004814
ST 4100000 100 0.001416
SA 4100000 200 0.008564
BWT 4100000 200 0.009186
ST 4100000 200 0.001626
SA 4100000 200 0.008937
BWT 4100000 200 0.009196
ST 4100000 200 0.001616
SA 4100000 200 0.008861
BWT 4100000 200 0.009997
ST 4100000 200 0.001619
SA 4100000 200 0.008840
BWT 4100000 200 0.009076
ST 4100000 200 0.001727
SA 4100000 200 0.008942
BWT 4100000 200 0.009163
ST 4100000 200 0.001627
SA 4100000 200 0.009051
BWT 4100000 200 0.009487
ST 4100000 200 0.001664
SA 4100000 200 0.008528
BWT 4100000 200 0.009998
ST 4100000 200 0.001651
SA 4100000 200 0.008907
BWT 4100000 200 0.009139
ST 4100000 200 0.001614
SA 4100000 200 0.008485
BWT 4100000 200 0.009607
ST 4100000 200 0.001628
SA 4100000 200 0.008771
BWT 4100000 200 0.009126
ST 4100000 200 0.001654
SA 4100000 300 0.010663
BWT 4100000 300 0.013550
ST 4100000 300 0.001881
SA 4100000 300 0.010717
BWT 4100000 300 0.014695
ST 4100000 300 0.001857
SA 4100000 300 0.010974
BWT 4100000 300 0.013540
ST 4100000 300 0.001888
SA 4100000 300 0.010620
BWT 4100000 300 0.014244
ST 4100000 300 0.001919
SA 4100000 300 0.011118
BWT 4100000 300 0.014233
ST 4100000 300 0.001886
SA 4100000 300 0.010831
BWT 4100000 300 0.013491
ST 4100000 300 0.001862
SA 4100000 300 0.010900
BWT 4100000 300 0.013516
ST 4100000 300 0.001870
SA 4100000 300 0.010358
BWT 4100000 300 0.014098
ST 4100000 300 0.001859
SA 4100000 300 0.010991
BWT 4100000 300 0.013666
ST 4100000 300 0.001855
SA 4100000 300 0.011053
BWT 4100000 300 0.013610
ST 4100000 300 0.001849
SA 4100000 400 0.013104
BWT 4100000 400 0.017858
ST 4100000 400 0.002104
SA 4100000 400 0.013080
BWT 4100000 400 0.017781
ST 4100000 400 0.002110
SA 4100000 400 0.013003
BWT 4100000 400 0.018232
ST 4100000 400 0.002096
SA 4100000 400 0.013046
BWT 4100000 400 0.019132
ST 4100000 400 0.002328
SA 4100000 400 0.012448
BWT 4100000 400 0.017868
ST 4100000 400 0.002075
SA 4100000 400 0.013735
BWT 4100000 400 0.017794
ST 4100000 400 0.002063
SA 4100000 400 0.012432
BWT 4100000 400 0.018839
ST 4100000 400 0.002069
SA 4100000 400 0.012685
BWT 4100000 400 0.017941
ST 4100000 400 0.002061
SA 4100000 400 0.012988
BWT 4100000 400 0.018052
ST 4100000 400 0.002074
SA 4100000 400 0.012620
BWT 4100000 400 0.019513
ST 4100000 400 0.002098
SA 4100000 500 0.015034
BWT 4100000 500 0.022171
ST 4100000 500 0.002298
SA 4100000 500 0.014621
BWT 4100000 500 0.023420
ST 4100000 500 0.002302
SA 4100000 500 0.014797
BWT 4100000 500 0.022264
ST 4100000 500 0.000681
SA 4100000 500 0.003321
BWT 4100000 500 0.009459
ST 4100000 500 0.000650
SA 4100000 500 0.003306
BWT 4100000 500 0.010057
ST 4100000 500 0.000683
SA 4100000 500 0.003733
BWT 4100000 500 0.010042
ST 4100000 500 0.000683
SA 4100000 500 0.003419
BWT 4100000 500 0.009967
ST 4100000 500 0.000689
SA 4100000 500 0.003480
BWT 4100000 500 0.009859
ST 4100000 500 0.000682
SA 4100000 500 0.003480
BWT 4100000 500 0.009546
ST 4100000 500 0.000638
SA 4100000 500 0.003370
BWT 4100000 500 0.009766
ST 4100000 500 0.000636
SA 4200000 100 0.002090
BWT 4200000 100 0.002124
ST 4200000 100 0.000487
SA 4200000 100 0.002105
BWT 4200000 100 0.002072
ST 4200000 100 0.000493
SA 4200000 100 0.002091
BWT 4200000 100 0.002102
ST 4200000 100 0.000481
SA 4200000 100 0.002098
BWT 4200000 100 0.002238
ST 4200000 100 0.000485
SA 4200000 100 0.002098
BWT 4200000 100 0.002087
ST 4200000 100 0.000497
SA 4200000 100 0.002101
BWT 4200000 100 0.002117
ST 4200000 100 0.000484
SA 4200000 100 0.002091
BWT 4200000 100 0.002132
ST 4200000 100 0.000468
SA 4200000 100 0.002087
BWT 4200000 100 0.002113
ST 4200000 100 0.000480
SA 4200000 100 0.002101
BWT 4200000 100 0.002122
ST 4200000 100 0.000484
SA 4200000 100 0.002110
BWT 4200000 100 0.002107
ST 4200000 100 0.000473
SA 4200000 200 0.002481
BWT 4200000 200 0.003943
ST 4200000 200 0.000518
SA 4200000 200 0.002484
BWT 4200000 200 0.003952
ST 4200000 200 0.000534
SA 4200000 200 0.002456
BWT 4200000 200 0.004066
ST 4200000 200 0.000624
SA 4200000 200 0.002456
BWT 4200000 200 0.004002
ST 4200000 200 0.000528
SA 4200000 200 0.002485
BWT 4200000 200 0.004016
ST 4200000 200 0.000511
SA 4200000 200 0.002475
BWT 4200000 200 0.003965
ST 4200000 200 0.000516
SA 4200000 200 0.003056
BWT 4200000 200 0.004186
ST 4200000 200 0.000519
SA 4200000 200 0.002481
BWT 4200000 200 0.003998
ST 4200000 200 0.000525
SA 4200000 200 0.002460
BWT 4200000 200 0.003989
ST 4200000 200 0.000512
SA 4200000 200 0.002440
BWT 4200000 200 0.003933
ST 4200000 200 0.000518
SA 4200000 300 0.002850
BWT 4200000 300 0.005831
ST 4200000 300 0.000708
SA 4200000 300 0.002898
BWT 4200000 300 0.005790
ST 4200000 300 0.000613
SA 4200000 300 0.002855
BWT 4200000 300 0.006447
ST 4200000 300 0.000563
SA 4200000 300 0.002898
BWT 4200000 300 0.005947
ST 4200000 300 0.000551
SA 4200000 300 0.002847
BWT 4200000 300 0.005919
ST 4200000 300 0.000557
SA 4200000 300 0.002797
BWT 4200000 300 0.005891
ST 4200000 300 0.000564
SA 4200000 300 0.002854
BWT 4200000 300 0.005768
ST 4200000 300 0.000559
SA 4200000 300 0.002868
BWT 4200000 300 0.005878
ST 4200000 300 0.000570
SA 4200000 300 0.002867
BWT 4200000 300 0.005856
ST 4200000 300 0.000557
SA 4200000 300 0.002866
BWT 4200000 300 0.005766
ST 4200000 300 0.000558
SA 4200000 400 0.003260
BWT 4200000 400 0.007600
ST 4200000 400 0.000605
SA 4200000 400 0.003260
BWT 4200000 400 0.007587
ST 4200000 400 0.000606
SA 4200000 400 0.003261
BWT 4200000 400 0.007776
ST 4200000 400 0.000606
SA 4200000 400 0.003289
BWT 4200000 400 0.007725
ST 4200000 400 0.000628
SA 4200000 400 0.003303
BWT 4200000 400 0.007646
ST 4200000 400 0.000616
SA 4200000 400 0.003647
BWT 4200000 400 0.008268
ST 4200000 400 0.000610
SA 4200000 400 0.003237
BWT 4200000 400 0.007686
ST 4200000 400 0.000608
SA 4200000 400 0.003222
BWT 4200000 400 0.007630
ST 4200000 400 0.000601
SA 4200000 400 0.003377
BWT 4200000 400 0.008286
ST 4200000 400 0.000605
SA 4200000 400 0.003218
BWT 4200000 400 0.007694
ST 4200000 400 0.000677
SA 4200000 500 0.003679
BWT 4200000 500 0.009850
ST 4200000 500 0.000642
SA 4200000 500 0.003611
BWT 4200000 500 0.009625
ST 4200000 500 0.000661
SA 4200000 500 0.003627
BWT 4200000 500 0.009577
ST 4200000 500 0.000642
SA 4200000 500 0.003681
BWT 4200000 500 0.009529
ST 4200000 500 0.000680
SA 4200000 500 0.003664
BWT 4200000 500 0.009622
ST 4200000 500 0.000647
SA 4200000 500 0.003846
BWT 4200000 500 0.009742
ST 4200000 500 0.000662
SA 4200000 500 0.003639
BWT 4200000 500 0.009620
ST 4200000 500 0.000671
SA 4200000 500 0.003709
BWT 4200000 500 0.009472
ST 4200000 500 0.000643
SA 4200000 500 0.003614
BWT 4200000 500 0.009558
ST 4200000 500 0.000645
SA 4200000 500 0.003611
BWT 4200000 500 0.010194
ST 4200000 500 0.000642
SA 4300000 100 0.002111
BWT 4300000 100 0.002160
ST 4300000 100 0.000493
SA 4300000 100 0.002084
BWT 4300000 100 0.002171
ST 4300000 100 0.000484
SA 4300000 100 0.002076
BWT 4300000 100 0.002152
ST 4300000 100 0.000476
SA 4300000 100 0.002116
BWT 4300000 100 0.002105
ST 4300000 100 0.000472
SA 4300000 100 0.002079
BWT 4300000 100 0.002292
ST 4300000 100 0.000478
SA 4300000 100 0.002133
BWT 4300000 100 0.002164
ST 4300000 100 0.000473
SA 4300000 100 0.001808
BWT 4300000 100 0.002154
ST 4300000 100 0.000479
SA 4300000 100 0.002143
BWT 4300000 100 0.002140
ST 4300000 100 0.000476
SA 4300000 100 0.002094
BWT 4300000 100 0.002088
ST 4300000 100 0.000476
SA 4300000 100 0.002080
BWT 4300000 100 0.002097
ST 4300000 100 0.000483
SA 4300000 200 0.002510
BWT 4300000 200 0.003970
ST 4300000 200 0.000525
SA 4300000 200 0.002471
BWT 4300000 200 0.004120
ST 4300000 200 0.000531
SA 4300000 200 0.002510
BWT 4300000 200 0.004011
ST 4300000 200 0.000527
SA 4300000 200 0.002486
BWT 4300000 200 0.003951
ST 4300000 200 0.000531
SA 4300000 200 0.002511
BWT 4300000 200 0.003946
ST 4300000 200 0.000518
SA 4300000 200 0.002467
BWT 4300000 200 0.003952
ST 4300000 200 0.000524
SA 4300000 200 0.002483
BWT 4300000 200 0.003978
ST 4300000 200 0.000518
SA 4300000 200 0.002463
BWT 4300000 200 0.004076
ST 4300000 200 0.000524
SA 4300000 200 0.002476
BWT 4300000 200 0.003978
ST 4300000 200 0.000523
SA 4300000 200 0.002544
BWT 4300000 200 0.004073
ST 4300000 200 0.000521
SA 4300000 300 0.002871
BWT 4300000 300 0.005869
ST 4300000 300 0.000564
SA 4300000 300 0.003025
BWT 4300000 300 0.005985
ST 4300000 300 0.000569
SA 4300000 300 0.002894
BWT 4300000 300 0.005869
ST 4300000 300 0.000570
SA 4300000 300 0.002866
BWT 4300000 300 0.005900
ST 4300000 300 0.000571
SA 4300000 300 0.002925
BWT 4300000 300 0.005894
ST 4300000 300 0.000560
SA 4300000 300 0.002853
BWT 4300000 300 0.005934
ST 4300000 300 0.000566
SA 4300000 300 0.002628
BWT 4300000 300 0.005859
ST 4300000 300 0.000558
SA 4300000 300 0.002577
BWT 4300000 300 0.005897
ST 4300000 300 0.000567
SA 4300000 300 0.002859
BWT 4300000 300 0.005833
ST 4300000 300 0.000563
SA 4300000 300 0.002938
BWT 4300000 300 0.005954
ST 4300000 300 0.000574
SA 4300000 400 0.003320
BWT 4300000 400 0.007803
ST 4300000 400 0.000606
SA 4300000 400 0.003272
BWT 4300000 400 0.007674
ST 4300000 400 0.000605
SA 4300000 400 0.002932
BWT 4300000 400 0.007790
ST 4300000 400 0.000603
SA 4300000 400 0.002995
BWT 4300000 400 0.007757
ST 4300000 400 0.000604
SA 4300000 400 0.003269
BWT 4300000 400 0.007695
ST 4300000 400 0.000598
SA 4300000 400 0.003215
BWT 4300000 400 0.007846
ST 4300000 400 0.000611
SA 4300000 400 0.003299
BWT 4300000 400 0.007724
ST 4300000 400 0.000600
SA 4300000 400 0.003300
BWT 4300000 400 0.007964
ST 4300000 400 0.000604
SA 4300000 400 0.003676
BWT 4300000 400 0.007830
ST 4300000 400 0.000612
SA 4300000 400 0.002997
BWT 4300000 400 0.007701
ST 4300000 400 0.000608
SA 4300000 500 0.003607
BWT 4300000 500 0.009620
ST 4300000 500 0.000645
SA 4300000 500 0.003710
BWT 4300000 500 0.009751
ST 4300000 500 0.000646
SA 4300000 500 0.003349
BWT 4300000 500 0.009619
ST 4300000 500 0.000652
SA 4300000 500 0.003664
BWT 4300000 500 0.009734
ST 4300000 500 0.000646
SA 4300000 500 0.003620
BWT 4300000 500 0.010096
ST 4300000 500 0.000646
SA 4300000 500 0.003598
BWT 4300000 500 0.009549
ST 4300000 500 0.000659
SA 4300000 500 0.003387
BWT 4300000 500 0.009695
ST 4300000 500 0.000636
SA 4300000 500 0.003953
BWT 4300000 500 0.010061
ST 4300000 500 0.000692
SA 4300000 500 0.003918
BWT 4300000 500 0.011252
ST 4300000 500 0.000738
SA 4300000 500 0.003404
BWT 4300000 500 0.010805
ST 4300000 500 0.000644
SA 4400000 100 0.002166
BWT 4400000 100 0.002183
ST 4400000 100 0.000522
SA 4400000 100 0.002168
BWT 4400000 100 0.002107
ST 4400000 100 0.000493
SA 4400000 100 0.002122
BWT 4400000 100 0.002153
ST 4400000 100 0.000490
SA 4400000 100 0.002221
BWT 4400000 100 0.002242
ST 4400000 100 0.000488
SA 4400000 100 0.002138
BWT 4400000 100 0.002165
ST 4400000 100 0.000522
SA 4400000 100 0.002226
BWT 4400000 100 0.002151
ST 4400000 100 0.000499
SA 4400000 100 0.002303
BWT 4400000 100 0.002170
ST 4400000 100 0.000496
SA 4400000 100 0.002136
BWT 4400000 100 0.002132
ST 4400000 100 0.000488
SA 4400000 100 0.002164
BWT 4400000 100 0.002060
ST 4400000 100 0.000489
SA 4400000 100 0.001829
BWT 4400000 100 0.002149
ST 4400000 100 0.000516
SA 4400000 200 0.002547
BWT 4400000 200 0.004108
ST 4400000 200 0.000550
SA 4400000 200 0.002595
BWT 4400000 200 0.004204
ST 4400000 200 0.000565
SA 4400000 200 0.002544
BWT 4400000 200 0.004231
ST 4400000 200 0.000559
SA 4400000 200 0.002290
BWT 4400000 200 0.003984
ST 4400000 200 0.000654
SA 4400000 200 0.004120
BWT 4400000 200 0.005763
ST 4400000 200 0.000558
SA 4400000 200 0.002844
BWT 4400000 200 0.003978
ST 4400000 200 0.000520
SA 4400000 200 0.002467
BWT 4400000 200 0.004011
ST 4400000 200 0.000519
SA 4400000 200 0.002517
BWT 4400000 200 0.003933
ST 4400000 200 0.000525
SA 4400000 200 0.002503
BWT 4400000 200 0.003875
ST 4400000 200 0.000595
SA 4400000 200 0.002502
BWT 4400000 200 0.004069
ST 4400000 200 0.000519
SA 4400000 300 0.003043
BWT 4400000 300 0.005885
ST 4400000 300 0.000563
SA 4400000 300 0.002876
BWT 4400000 300 0.005918
ST 4400000 300 0.000560
SA 4400000 300 0.002936
BWT 4400000 300 0.005689
ST 4400000 300 0.000571
SA 4400000 300 0.003532
BWT 4400000 300 0.005698
ST 4400000 300 0.000562
SA 4400000 300 0.002927
BWT 4400000 300 0.006202
ST 4400000 300 0.000576
SA 4400000 300 0.003422
BWT 4400000 300 0.005979
ST 4400000 300 0.000559
SA 4400000 300 0.003489
BWT 4400000 300 0.005793
ST 4400000 300 0.000565
SA 4400000 300 0.002929
BWT 4400000 300 0.005943
ST 4400000 300 0.000563
SA 4400000 300 0.002974
BWT 4400000 300 0.005902
ST 4400000 300 0.000568
SA 4400000 300 0.002876
BWT 4400000 300 0.005880
ST 4400000 300 0.000561
SA 4400000 400 0.003264
BWT 4400000 400 0.007719
ST 4400000 400 0.000610
SA 4400000 400 0.003396
BWT 4400000 400 0.007699
ST 4400000 400 0.000606
SA 4400000 400 0.002983
BWT 4400000 400 0.007810
ST 4400000 400 0.000624
SA 4400000 400 0.003310
BWT 4400000 400 0.007731
ST 4400000 400 0.000757
SA 4400000 400 0.003204
BWT 4400000 400 0.007824
ST 4400000 400 0.000610
SA 4400000 400 0.003252
BWT 4400000 400 0.007889
ST 4400000 400 0.000614
SA 4400000 400 0.003282
BWT 4400000 400 0.007874
ST 4400000 400 0.000590
SA 4400000 400 0.003023
BWT 4400000 400 0.008044
ST 4400000 400 0.000603
SA 4400000 400 0.003236
BWT 4400000 400 0.007796
ST 4400000 400 0.000604
SA 4400000 400 0.003372
BWT 4400000 400 0.007787
ST 4400000 400 0.000605
SA 4400000 500 0.003663
BWT 4400000 500 0.009534
ST 4400000 500 0.000709
SA 4400000 500 0.003706
BWT 4400000 500 0.009701
ST 4400000 500 0.000644
SA 4400000 500 0.003620
BWT 4400000 500 0.009706
ST 4400000 500 0.000649
SA 4400000 500 0.003727
BWT 4400000 500 0.010095
ST 4400000 500 0.000730
SA 4400000 500 0.003609
BWT 4400000 500 0.009535
ST 4400000 500 0.000645
SA 4400000 500 0.003610
BWT 4400000 500 0.009627
ST 4400000 500 0.000656
SA 4400000 500 0.003498
BWT 4400000 500 0.009679
ST 4400000 500 0.000657
SA 4400000 500 0.003658
BWT 4400000 500 0.009521
ST 4400000 500 0.000645
SA 4400000 500 0.003777
BWT 4400000 500 0.009312
ST 4400000 500 0.000656
SA 4400000 500 0.003718
BWT 4400000 500 0.009783
ST 4400000 500 0.000657
SA 4500000 100 0.002161
BWT 4500000 100 0.002140
ST 4500000 100 0.000486
SA 4500000 100 0.002121
BWT 4500000 100 0.002135
ST 4500000 100 0.000496
SA 4500000 100 0.002106
BWT 4500000 100 0.002227
ST 4500000 100 0.000588
SA 4500000 100 0.002134
BWT 4500000 100 0.002231
ST 4500000 100 0.000474
SA 4500000 100 0.002261
BWT 4500000 100 0.002102
ST 4500000 100 0.000483
SA 4500000 100 0.002133
BWT 4500000 100 0.002145
ST 4500000 100 0.000489
SA 4500000 100 0.002125
BWT 4500000 100 0.002522
ST 4500000 100 0.000485
SA 4500000 100 0.002124
BWT 4500000 100 0.002149
ST 4500000 100 0.000478
SA 4500000 100 0.002137
BWT 4500000 100 0.002177
ST 4500000 100 0.000481
SA 4500000 100 0.002260
BWT 4500000 100 0.002151
ST 4500000 100 0.000493
SA 4500000 200 0.002508
BWT 4500000 200 0.004052
ST 4500000 200 0.000514
SA 4500000 200 0.002539
BWT 4500000 200 0.004276
ST 4500000 200 0.000521
SA 4500000 200 0.002481
BWT 4500000 200 0.004029
ST 4500000 200 0.000519
SA 4500000 200 0.002528
BWT 4500000 200 0.004067
ST 4500000 200 0.000519
SA 4500000 200 0.002498
BWT 4500000 200 0.004220
ST 4500000 200 0.000526
SA 4500000 200 0.002482
BWT 4500000 200 0.004081
ST 4500000 200 0.000524
SA 4500000 200 0.002516
BWT 4500000 200 0.004043
ST 4500000 200 0.000528
SA 4500000 200 0.002618
BWT 4500000 200 0.004053
ST 4500000 200 0.000531
SA 4500000 200 0.002496
BWT 4500000 200 0.004081
ST 4500000 200 0.000538
SA 4500000 200 0.002720
BWT 4500000 200 0.003865
ST 4500000 200 0.000523
SA 4500000 300 0.002897
BWT 4500000 300 0.005917
ST 4500000 300 0.000580
SA 4500000 300 0.002967
BWT 4500000 300 0.005899
ST 4500000 300 0.000603
SA 4500000 300 0.002887
BWT 4500000 300 0.005673
ST 4500000 300 0.000558
SA 4500000 300 0.002912
BWT 4500000 300 0.005838
ST 4500000 300 0.000574
SA 4500000 300 0.002919
BWT 4500000 300 0.005842
ST 4500000 300 0.000578
SA 4500000 300 0.002903
BWT 4500000 300 0.005753
ST 4500000 300 0.000582
SA 4500000 300 0.002905
BWT 4500000 300 0.006057
ST 4500000 300 0.000563
SA 4500000 300 0.003057
BWT 4500000 300 0.005822
ST 4500000 300 0.000556
SA 4500000 300 0.002942
BWT 4500000 300 0.005913
ST 4500000 300 0.000574
SA 4500000 300 0.003410
BWT 4500000 300 0.005981
ST 4500000 300 0.000561
SA 4500000 400 0.003304
BWT 4500000 400 0.007767
ST 4500000 400 0.000617
SA 4500000 400 0.003326
BWT 4500000 400 0.007852
ST 4500000 400 0.000601
SA 4500000 400 0.003342
BWT 4500000 400 0.007709
ST 4500000 400 0.000611
SA 4500000 400 0.003335
BWT 4500000 400 0.007535
ST 4500000 400 0.000601
SA 4500000 400 0.003269
BWT 4500000 400 0.007504
ST 4500000 400 0.000610
SA 4500000 400 0.003305
BWT 4500000 400 0.007567
ST 4500000 400 0.000601
SA 4500000 400 0.003328
BWT 4500000 400 0.007706
ST 4500000 400 0.000611
SA 4500000 400 0.003289
BWT 4500000 400 0.007819
ST 4500000 400 0.000615
SA 4500000 400 0.003285
BWT 4500000 400 0.007789
ST 4500000 400 0.000743
SA 4500000 400 0.003286
BWT 4500000 400 0.007920
ST 4500000 400 0.000780
SA 4500000 500 0.003684
BWT 4500000 500 0.009805
ST 4500000 500 0.000696
SA 4500000 500 0.003928
BWT 4500000 500 0.010570
ST 4500000 500 0.000666
SA 4500000 500 0.003775
BWT 4500000 500 0.009960
ST 4500000 500 0.000710
SA 4500000 500 0.003857
BWT 4500000 500 0.009720
ST 4500000 500 0.000665
SA 4500000 500 0.004539
BWT 4500000 500 0.009895
ST 4500000 500 0.000660
SA 4500000 500 0.003697
BWT 4500000 500 0.009892
ST 4500000 500 0.000687
SA 4500000 500 0.003798
BWT 4500000 500 0.009862
ST 4500000 500 0.000677
SA 4500000 500 0.003851
BWT 4500000 500 0.010060
ST 4500000 500 0.000704
SA 4500000 500 0.003939
BWT 4500000 500 0.010251
ST 4500000 500 0.000683
SA 4500000 500 0.003406
BWT 4500000 500 0.010132
ST 4500000 500 0.000985
